true_y	pred_y	pred_probe
1	1	0.18608251126413355
1	1	0.19604225543100995
1	1	0.33593725202001357
1	1	0.14062493560944922
1	1	0.11996716873017732
1	1	0.15755664746943332
1	1	0.14961010015558374
1	1	0.17673609097262988
1	1	0.1494921845757191
1	1	0.1427534952862518
1	1	0.16578803005663278
1	1	0.179009717543116
1	1	0.19365862941003575
1	1	0.24743690826647402
1	1	0.20389622338390778
1	1	0.2509779892741719
1	1	0.17092404858533783
1	1	0.4225271150679185
1	1	0.2337249706998612
1	1	0.26493464107856646
1	1	0.17128531655873958
1	1	0.2153247336452785
1	1	0.10933996625924436
1	1	0.18350967925033546
1	1	0.18663678839901454
1	1	0.13867305486410963
1	1	0.25701543449708886
1	0	0.6268561032695283
1	1	0.32445718259816203
0	0	0.9629171718288964
1	1	0.4576796452132461
1	1	0.16571848412488255
1	1	0.3203959569942536
1	0	0.7584390922709922
1	1	0.15220785467377418
1	1	0.4167695359264636
1	1	0.15206463149959137
1	0	0.5857416088555751
1	1	0.4644887494838792
1	0	0.9362446101628412
0	0	0.8888955958706185
1	0	0.5506105723011673
1	1	0.22223717223092987
1	0	0.8481800689041781
1	0	0.5406678236870679
1	1	0.2466716078908432
1	1	0.4144579649792751
1	1	0.28654464054416484
1	1	0.17173340011145477
1	1	0.17047960650213756
1	1	0.10163569438541586
1	0	0.7648927604757708
1	0	0.8660815675903416
1	1	0.2504389296958247
0	0	0.9836399578316596
1	0	0.9620836888778731
1	1	0.4583852668431556
1	0	0.6213684800491375
1	1	0.3732201932232413
1	0	0.9685219053022706
1	1	0.48259196725379794
1	1	0.1678386065827503
1	1	0.48084613127707554
1	0	0.7762627176768444
1	1	0.31596993031193643
1	1	0.20451683155061084
1	1	0.3016922739105671
1	1	0.23542013003525297
1	0	0.9298237332191013
1	1	0.13861240773048455
1	0	0.542968867306779
1	1	0.15295814030099264
1	0	0.6713600866173726
1	1	0.12911062079451552
1	0	0.9203586833440539
1	1	0.39401704176581254
1	1	0.21659499360186685
1	0	0.9469797439480576
1	0	0.8108390638829809
1	1	0.22027702387625825
1	1	0.35225498287644397
1	1	0.16066253874294467
1	1	0.17087033678251895
1	1	0.08086730083106686
1	1	0.3073367845214918
1	0	0.5492994320607234
1	1	0.4338442318643013
1	1	0.08748838711112139
1	1	0.07788122873692216
1	1	0.08150095116203238
1	1	0.08022176814331361
1	1	0.07860811810365298
1	1	0.07611264016893948
1	0	0.9175710992949372
1	1	0.3073303564854367
1	1	0.3996209055984198
1	1	0.07699347147421765
1	1	0.13902719312851708
1	0	0.9279304230276326
1	1	0.1821273308851803
1	1	0.20930544583541144
1	0	0.8144143763925583
1	1	0.09618262383903742
1	1	0.12928661506575434
1	1	0.09779591063725579
1	1	0.08667116863936952
1	0	0.552601248465689
1	1	0.35858585668692045
1	1	0.1040157607419705
1	1	0.0805794321705412
1	1	0.09776182645530462
1	1	0.19501950729042739
1	1	0.08830357124131327
1	1	0.2548216200202881
1	1	0.13944086333056405
1	1	0.08340192372868105
1	1	0.09147359332353777
1	1	0.0761782716435766
1	1	0.11030542481388728
1	0	0.9170812882975949
1	1	0.10391815918635394
1	1	0.07839731718085041
1	1	0.0791319967380405
1	1	0.2099428733094879
1	1	0.12133392192089287
1	1	0.10949443806707049
1	1	0.07974071649987136
1	1	0.36774277935673194
1	1	0.08644766443315821
1	0	0.9256240490576888
1	0	0.9652372582980407
1	1	0.09263252986179327
1	1	0.2716416460459269
1	1	0.13297113619984324
1	1	0.0730838713953853
1	0	0.5539974459100447
1	1	0.08811637549516516
1	1	0.08054027134458941
1	1	0.10512378229864949
1	1	0.07083385692856026
1	1	0.1643162498165852
1	1	0.15139067857474686
1	0	0.8018606750736627
1	1	0.19742363914215622
0	0	0.9832462465537435
1	1	0.13338296361431312
1	1	0.12349083957534501
1	1	0.2068985588422314
1	1	0.2519485124033054
1	1	0.07310522977383527
1	1	0.09633210189243957
1	1	0.11401658503160839
1	1	0.07526107368630353
1	1	0.08417666620284903
1	1	0.08301074196056601
1	1	0.12680294439956508
1	1	0.07657299966738773
1	1	0.08171083499744869
1	0	0.5683816555707353
1	1	0.18023486883583295
1	1	0.14036897145844196
1	1	0.09936109405370352
1	1	0.08712427329637074
1	1	0.2748701734033966
1	1	0.11458894170878042
1	0	0.5361019258973754
1	1	0.11763333934871523
1	1	0.1592566416642226
1	1	0.24062812412972967
1	1	0.07938780936618872
1	1	0.07465743265942393
1	1	0.07864181057416764
1	1	0.2149844593485073
1	0	0.8089052421270109
1	1	0.08620766527412926
1	1	0.3924610170840941
1	0	0.7196540431509093
1	1	0.14350474146888836
1	1	0.07938142755238564
1	1	0.07876902466206148
1	1	0.11258792201928136
1	1	0.21680188348601825
1	0	0.9191288689979314
1	1	0.1984867534848861
1	1	0.2878740217114454
1	0	0.949626624638298
1	0	0.9742606076752461
1	0	0.937288613744774
1	0	0.9700795933859319
1	0	0.6653866699537724
1	0	0.5401105622737636
1	1	0.15612216077200514
1	1	0.23047501403983717
1	1	0.09628108902549681
1	1	0.07463568145240429
1	1	0.07795851838977463
1	1	0.06920922813342645
1	1	0.076822345342766
1	1	0.34706291548505686
1	1	0.09200344862710563
1	1	0.4109723628797466
1	1	0.14250295055290585
1	1	0.12180500201176414
1	1	0.11670632564118222
1	1	0.08868437258997408
1	1	0.08777969280914777
1	1	0.08513483554586743
1	1	0.07543461303648424
1	1	0.10244613250140278
1	1	0.0862948378161632
1	1	0.07495781008929414
1	1	0.09374934035089766
1	1	0.07619716605906779
1	1	0.08089668701017638
1	1	0.11876063354101274
1	1	0.11632700447701727
1	1	0.10503342352616762
1	1	0.09790371053265512
1	1	0.474249575939633
1	1	0.12221066767571509
1	1	0.09326758488916798
1	1	0.07409466805050091
1	1	0.13271439810601549
1	1	0.0798782322009981
1	1	0.10388309367729087
1	1	0.09511099832293501
1	1	0.07188315871849027
1	1	0.08945071714366692
1	1	0.11069017788574897
1	1	0.09258513164077231
1	1	0.15202040230831626
1	1	0.08533246037416353
1	1	0.0719997078966772
1	1	0.0838063730036761
1	1	0.07460539126426924
1	1	0.0757016457982671
1	1	0.0805912391978365
1	1	0.20739369334851865
1	1	0.12388473949473511
1	1	0.13573125248457663
1	1	0.36484212720810194
1	0	0.8935575562315103
1	1	0.20141069616130236
1	1	0.08261812918537548
1	1	0.0791644799092871
1	1	0.08453294763762065
1	1	0.22219763330666953
1	1	0.12032548028150036
1	1	0.09384931019320109
1	1	0.0763711164535269
1	1	0.3852416763567197
1	1	0.1938519923598936
1	0	0.9325354828768264
1	1	0.3034598430016169
1	1	0.47513791996519084
1	1	0.07613423618653659
0	0	0.5796890444890712
1	1	0.10143050038889545
1	1	0.08534856675675695
1	1	0.09141952844982959
1	1	0.1688038451038686
0	0	0.6772048770044305
1	1	0.07624566703193936
1	1	0.0776815829226768
1	1	0.10631536538214248
1	1	0.07108931650678096
1	1	0.07389538102322768
1	1	0.12285106602135443
1	1	0.1340045517601135
1	1	0.08307666612377851
1	1	0.08903349558684526
1	1	0.10457712603901803
1	0	0.6824066312606417
1	1	0.10115571756826558
1	1	0.35964995383164744
1	1	0.08640608841604958
1	1	0.09015866114088245
1	1	0.08877678708765824
1	1	0.07141230131168663
1	1	0.10030444251072612
1	1	0.07993297141337574
1	1	0.10240018085029257
1	1	0.07479022667373902
1	1	0.09301581076934318
1	1	0.10680911186736008
1	1	0.08028646672222517
1	1	0.07537896405019362
1	1	0.0819721333620792
1	1	0.0781333354810313
1	1	0.07898717399366517
1	1	0.07818233129757768
1	1	0.10263990005228885
1	1	0.11163456871900612
1	1	0.07216854182590704
1	1	0.06986539916183676
1	1	0.07443746559029973
1	1	0.0823396843744365
1	1	0.3025193026568487
1	1	0.06871924570961141
1	1	0.06898431889836754
1	1	0.07337946897815484
1	1	0.0685896890552865
1	1	0.25061462378820953
1	1	0.09049704320717367
1	1	0.17271869922330452
1	1	0.08421639850252516
1	1	0.08210404967049123
1	1	0.08525289245294543
1	1	0.08624876116235525
1	1	0.10000539358575866
1	1	0.4917207126635129
1	1	0.18574497831057768
1	1	0.37004705404235483
1	1	0.24335371922827542
1	1	0.26684246763445174
1	0	0.5140816702764321
1	0	0.6687496809180988
1	0	0.8298433855633948
1	0	0.6896507155078795
1	0	0.7766785481781942
1	0	0.6192042134409292
1	0	0.6817118374966255
1	1	0.48389394971637445
1	0	0.5766704936675795
1	0	0.9633929445970698
1	1	0.38195401946250607
0	0	0.8984911066128682
1	1	0.1810112147039108
1	0	0.8790987948519309
1	1	0.4428649850653995
1	1	0.4488621014349822
1	0	0.9830007024565532
1	0	0.8999786342446334
1	1	0.10353887981181487
1	1	0.0741637085549477
1	1	0.0725075509594405
1	1	0.07113302507950026
1	1	0.0748055141432642
1	1	0.0703242599883771
1	1	0.17451060418923936
1	1	0.07409783313490981
1	1	0.07295262376903022
1	1	0.06902187485013922
1	1	0.06892857665039909
1	1	0.07004451683200608
1	1	0.07036742455244327
1	1	0.07268130973752596
1	1	0.07171563319843322
1	1	0.06927240526940048
1	1	0.0736086962893221
1	1	0.0753323830486764
1	1	0.07427295809926238
1	1	0.07059659510472072
1	1	0.0675494654323271
1	1	0.08211189667242025
1	1	0.07886726922646992
1	1	0.07508486086148314
1	1	0.07763617229015574
1	1	0.0764703722631549
1	1	0.07451016293028212
1	1	0.0685937765847694
1	1	0.2540487282427071
1	1	0.07447182585703216
1	1	0.06681278717793437
1	1	0.07476194708273454
1	1	0.0658256513627733
1	1	0.06523341543447314
1	1	0.07479929725830525
1	1	0.07444123143981218
1	1	0.06958024830649445
1	1	0.09640087210477288
1	1	0.06854715618541651
1	1	0.07104983429073775
1	1	0.0728287277819879
1	1	0.0738893147597458
1	1	0.07595137481303249
1	1	0.07007169570429406
1	0	0.5350459496606723
1	1	0.0752048161643829
1	1	0.08215509271254007
1	1	0.06668687540551421
1	1	0.0692870998499997
1	1	0.08729411408738941
1	1	0.19764565048460914
1	1	0.08803436130933595
1	1	0.07304901739702885
1	1	0.06551792266372036
1	1	0.07822992089039837
1	1	0.07006647751788242
1	1	0.06919362156311593
1	1	0.07199874523631844
1	1	0.06653674277575405
1	1	0.08362031085792276
1	1	0.08063885333920229
1	1	0.0712602316127644
1	1	0.06749232647505055
1	1	0.07643286404947547
1	1	0.49951006261478925
1	1	0.09795217214670815
1	1	0.07451386449667541
1	1	0.06572923327361435
1	0	0.87878244281223
1	1	0.06768636226709646
1	1	0.07065291342780289
1	1	0.07158808537205663
1	1	0.07396138273737562
1	1	0.08223469251844728
1	1	0.07406779678308373
1	1	0.07010066557727768
1	1	0.07154531418448717
1	1	0.07640238813990952
1	1	0.09643128383623889
1	1	0.0740228005675404
1	1	0.06901819689971334
1	1	0.07197108051871604
1	1	0.08382449518668322
1	1	0.07077505563375863
1	1	0.07574425763015957
1	1	0.06795876299765435
1	1	0.06865586898632481
1	1	0.06647978678436539
1	1	0.128767954638627
1	1	0.14317954388745457
1	1	0.105869366977274
1	1	0.07115840732062606
1	1	0.08024490590257138
1	1	0.07577723416328719
1	1	0.0722755881458218
1	1	0.06646815704241094
1	1	0.06747420053860587
1	1	0.07850093215560927
1	1	0.07495413452132993
1	1	0.06701526866733443
1	1	0.06704108187853997
1	1	0.06819936277178573
1	1	0.07171960057157212
1	1	0.07400115041987188
1	1	0.06927502538471197
1	1	0.07199528218141482
1	1	0.09350895469697929
1	1	0.3650345549780444
1	1	0.2942632994794685
1	1	0.09249430546924797
1	1	0.3215233673623812
1	1	0.08330352853607204
1	1	0.20172042008373237
1	1	0.10233626963592901
1	1	0.06646706046997952
1	1	0.06929702352766687
1	1	0.2151873176090623
1	1	0.07104375818761177
1	1	0.0709484197831809
1	1	0.07212553547368494
1	1	0.06744852200989127
1	1	0.06849362421040639
1	1	0.07230972121611412
1	1	0.07295106502312632
1	1	0.06834982951014057
1	1	0.066638821867129
1	1	0.07572176387493912
1	1	0.07149258260618296
1	1	0.06780308969623539
1	1	0.06994251257090855
1	1	0.06794321648843793
1	1	0.06797337510906909
1	1	0.06936506027324474
1	1	0.08434349386074935
1	1	0.06718987288075684
1	1	0.07593165177666494
1	1	0.4480393393136892
1	1	0.10393314913773077
1	1	0.07123743804542482
1	1	0.14673997839177044
1	1	0.06997076731574614
1	1	0.07099174388195406
1	1	0.07736142931498369
1	1	0.06796120784895698
1	1	0.07142866104050494
1	1	0.06980456481645458
1	1	0.07051226526396692
1	1	0.12069336112696039
1	1	0.06710191366419938
1	1	0.07559184214460923
1	1	0.4897357060649449
1	1	0.08068183994655154
1	1	0.07663690837805648
1	1	0.06894100402647307
1	1	0.06639104930063522
1	1	0.06598221124489789
1	1	0.09200397226971657
1	1	0.07082005727641782
1	1	0.0704199662015409
1	1	0.07668568079797566
1	1	0.069086331837388
1	1	0.07164745854910515
1	1	0.07679762606706453
1	1	0.06996043134535834
1	1	0.1262025846357686
1	1	0.06844669690738714
1	1	0.07026797028651455
1	1	0.07027520404534626
1	1	0.07154851441770493
1	1	0.07366723737388936
1	1	0.06841065586220907
1	1	0.07630191533620445
1	1	0.0675935145334634
1	1	0.07105836099346319
1	1	0.08490010013927263
1	1	0.1490428816199696
1	1	0.06676960795695319
1	1	0.06783949007371615
1	1	0.08394964958027262
1	1	0.07403147641577568
1	1	0.06881970038011576
1	1	0.20993529767252006
1	1	0.0678756901257006
1	1	0.06936507134964742
1	1	0.06949253482249695
1	1	0.1124702569721181
1	1	0.07281989147317836
1	1	0.06814015733374779
1	1	0.07028684096479187
1	1	0.07746720418165165
1	1	0.0710310543767374
1	1	0.06628162221675282
1	1	0.06688100088735316
1	1	0.07956760613698277
1	1	0.07140731365246589
1	0	0.8984153814813219
1	1	0.07215600499802155
1	1	0.07601227784763542
1	1	0.06716528531061794
1	1	0.06843070646404492
1	1	0.103939768043117
1	1	0.07625269642832222
1	1	0.070236067379576
1	1	0.0772921415136626
1	1	0.06696715922213259
1	1	0.15342186548083447
1	1	0.06923740515999677
1	1	0.07205977927560903
1	1	0.07225739503478945
1	1	0.07726417327895896
1	1	0.08020091827726084
1	1	0.23464729991636302
1	1	0.16459598252493657
1	1	0.07139586013994714
1	1	0.06773433398394313
1	1	0.07066210385063032
1	1	0.07058581913108775
1	1	0.08707617914477428
1	1	0.07180784227594272
1	1	0.08411320976047343
1	1	0.07446644595666707
1	1	0.07375358493706774
1	1	0.06713260971195556
1	1	0.35604158959256493
1	1	0.07207383370495146
1	1	0.1066076375331384
1	1	0.07460670540927206
1	1	0.07342563947904635
1	1	0.11016103576575309
1	1	0.0732682635744768
1	1	0.06776732584819589
1	1	0.1837093123702206
1	1	0.07302330380070021
1	1	0.06745829979067941
1	1	0.07796131109275195
1	1	0.07221249518833639
1	1	0.07214646200336339
1	1	0.06648260826351737
1	1	0.07188302129968305
1	1	0.07305999049576983
1	1	0.07341627535349438
1	1	0.07241636980012955
1	1	0.06759849032586718
1	1	0.068275883490996
1	1	0.06951333525465131
1	1	0.06808671073832806
1	1	0.06916844761935326
1	1	0.06934835852838317
1	1	0.06722004553932692
1	1	0.06754674338285294
1	1	0.06806550351217133
1	1	0.06845512496798756
1	1	0.06607587434507989
1	1	0.07512024432376707
1	1	0.07007134319038444
1	1	0.4294234947608174
1	1	0.07386599174949393
1	1	0.07542675334125637
1	1	0.07282483677940355
1	1	0.07189485620027714
1	1	0.07239743371522323
1	1	0.07566818027976752
1	1	0.07374859962015468
1	1	0.07682346207605661
1	1	0.08120397015693714
1	1	0.07007978941305548
1	1	0.08019366561744845
1	1	0.11379477144219052
1	1	0.07999614456012094
1	1	0.07495108041304543
1	1	0.06791272120688152
1	1	0.06863136383646229
1	1	0.07197392099155375
1	1	0.07894551109227244
1	1	0.07277074404754058
1	1	0.0662794090614307
1	0	0.8822237226839718
1	1	0.14258748321946568
1	1	0.07805576453065088
1	1	0.10196262557719837
1	1	0.07946405024290937
1	1	0.06687916662928262
1	1	0.0658667866770587
1	1	0.1890161579380245
1	0	0.8957195161295031
1	1	0.09820467628463214
1	1	0.08733634692987224
1	1	0.07119428981641629
1	1	0.17713255092716018
1	1	0.06974907958281451
1	1	0.07110913579456701
1	1	0.06664643836318462
1	1	0.07580875644848217
1	1	0.06984152817452338
1	1	0.08145517555844706
1	1	0.06895774699787194
1	1	0.07147389159033868
1	1	0.07301309253514487
1	1	0.07764754643458371
1	1	0.06833605077705385
1	1	0.11992747167420159
1	1	0.07330795280314029
1	1	0.07483901819310135
1	1	0.06787554901625048
1	1	0.0687111617889975
1	1	0.44077323467626106
1	1	0.07077196944380137
1	1	0.06746372090585873
1	1	0.07473050481014454
1	1	0.4361508981807961
1	1	0.07156297405668965
1	1	0.07136520371624566
1	1	0.06823228215269117
1	1	0.0662733198786487
1	1	0.06802768164822148
1	1	0.06514638204082879
1	1	0.07486721496638904
1	1	0.14517433262258883
1	1	0.06858982964214189
1	1	0.06967819399970465
1	1	0.07592708371092793
1	1	0.06707276285560071
1	1	0.07115994825133976
1	1	0.07432370157202606
1	1	0.07172267177665437
1	0	0.5133071919667471
1	0	0.7650760211644465
1	1	0.11285044186518012
1	1	0.07184658646169606
1	1	0.0802632225625517
1	1	0.07164741715761946
1	1	0.07152572998383944
1	1	0.10347268865383974
1	1	0.06731217478671991
1	1	0.07373200507512823
1	1	0.13591888749748304
1	1	0.08220947566164205
1	1	0.07785759781578594
1	1	0.08262937608002818
1	1	0.2885029190378219
1	1	0.08163147358644507
1	1	0.07805399201645413
1	1	0.09889240468760041
1	1	0.11405629865092781
1	1	0.4949503327210859
1	1	0.07054441840584225
1	1	0.07949085808240353
1	1	0.09614230737921281
1	1	0.06732278248032142
1	1	0.0960581196312531
1	1	0.07131599274244271
1	1	0.08946804937182651
1	1	0.06614908906659434
1	1	0.06871300183150475
1	1	0.06615916621636742
1	1	0.19518883257989028
1	1	0.07569467682842146
1	1	0.3802068362219877
1	1	0.0709583323231241
1	1	0.06907587031404605
1	1	0.07418897310534589
1	1	0.06902866789895279
1	1	0.2433457626649188
1	1	0.09792714142829972
1	1	0.1254154073681364
1	1	0.07822067754003958
1	1	0.07085070551272321
1	1	0.06755921609810878
1	1	0.06833625642615293
1	1	0.06828752807134064
1	1	0.06824370570712013
1	1	0.07178250573366196
1	1	0.07090688783624399
1	1	0.06511250590509432
1	1	0.23841868981850634
1	1	0.07537955422260245
1	1	0.11676403768720589
1	1	0.1704491013225211
1	1	0.08334420515710939
1	1	0.07079781089718873
1	1	0.0785297706472542
1	1	0.07240410430834343
1	1	0.07035176203168647
1	1	0.07346054783230638
1	1	0.06759709689363635
1	1	0.07031947203116151
1	1	0.07364396030996645
1	1	0.06628886543798362
1	1	0.06690538029314275
1	1	0.0718629403921609
1	1	0.093162139425371
1	1	0.07046727169743505
1	1	0.07221039108743266
1	1	0.10813425300359203
1	1	0.06573640965259242
1	1	0.0781732257709602
1	1	0.0980173220039049
1	1	0.06993573658154795
1	1	0.22051446450271028
1	1	0.09196271659670685
1	1	0.10753405949094963
1	1	0.07479277164959053
1	1	0.0743338121858832
1	1	0.07064902852240507
1	1	0.07254900355191596
1	1	0.07050423488177093
1	1	0.07126808827905107
1	1	0.06550206627748956
1	1	0.09985065872484267
1	1	0.07675280474600243
1	1	0.19809892828330522
1	0	0.5416156193251895
1	1	0.09021715644768324
1	1	0.1610847395997994
1	0	0.9233960464646445
1	1	0.21606107038663924
1	1	0.09613134114552901
1	1	0.08667613861648049
1	1	0.07448199701534852
1	1	0.07599784634341555
1	1	0.07252008589315428
1	1	0.06659809904642
1	1	0.07332065531096643
1	1	0.07323717299379884
1	1	0.07925816029876587
1	1	0.08052177450220677
1	0	0.9076811048314933
1	0	0.5590846446324
1	1	0.08222608480012095
1	1	0.0914555514819575
1	1	0.10170136990046386
1	1	0.07174590880232723
1	1	0.0728883917224441
1	0	0.7371730561894436
1	1	0.07334069178904934
1	1	0.06800928601976164
1	1	0.07607826074715829
1	1	0.0751430082241098
1	1	0.07308404238909194
1	1	0.06710491937448004
1	1	0.06657699414155027
1	1	0.06846426409255946
1	1	0.26024238387729093
1	1	0.07516275734750488
1	1	0.06851948451645196
1	1	0.06585388551349303
1	1	0.06851483359986699
1	1	0.06614208546566736
1	1	0.07403354326615053
1	1	0.07336837164238075
1	0	0.6251362688607642
1	1	0.16424347079500867
1	1	0.08184030939637876
1	1	0.07855741119772341
1	1	0.10363858317912178
1	0	0.6851199473361376
1	1	0.12222002695407896
1	1	0.13620437308338307
1	1	0.09471524757937522
1	1	0.09784479819994041
1	1	0.07006432772965077
1	1	0.07804514320598632
1	1	0.07591566879545908
1	1	0.06531158659629765
1	1	0.07894672842456141
1	1	0.11631767999408893
1	1	0.1703729926374029
1	1	0.38157642490105925
1	0	0.7826481199437764
1	1	0.07767202007777885
1	1	0.07624958435113705
1	1	0.06986291504639697
1	1	0.07236974097234816
1	0	0.6591327165053673
1	1	0.11674136563266835
1	1	0.06762594745671113
1	1	0.07101667013182444
1	1	0.07522858406962274
1	1	0.325810109306499
1	1	0.09663804003204202
1	1	0.13250361165837232
1	1	0.07838419273742303
1	1	0.07352463018386479
1	1	0.07399900171250184
1	1	0.07707659376208298
1	1	0.07418984201796652
1	1	0.07227979871600843
1	1	0.07422511275921129
1	1	0.07040755296025991
1	1	0.06780346533877268
1	1	0.12385077941856748
1	1	0.07482310005808157
1	1	0.07087104850894821
1	1	0.07623054289766795
1	1	0.06822217092782279
1	1	0.07857796701527153
1	1	0.07964974147354387
1	1	0.06985649322668663
1	1	0.07563578794985781
1	1	0.07391862050139486
1	1	0.07747335292700441
1	1	0.08390519259241769
1	1	0.10069316479472978
1	1	0.1419468065542876
1	1	0.07838215005946914
1	1	0.07368564481064377
1	1	0.0781970126049405
1	1	0.07022364254767688
1	1	0.0704752272385063
1	1	0.07320375226503018
1	1	0.07014621005227972
1	1	0.09120520378231434
1	1	0.07222796196326486
1	1	0.07523320887387064
1	1	0.06954146864060373
1	1	0.0700573644233069
1	1	0.08863565710186339
1	1	0.10474972185456755
1	0	0.5925280412724709
1	1	0.07628182901277636
1	1	0.10310601113752926
1	1	0.0878932580128996
1	1	0.07518778431296447
1	1	0.07748990697307379
1	1	0.07246571213995634
1	1	0.07411632535460555
1	1	0.07455447340054822
1	1	0.07247150967335059
1	1	0.07302573816544489
1	1	0.07359583772781197
1	1	0.07063689006285512
1	1	0.06630710890104274
1	1	0.06834339882730966
1	1	0.07060716490449981
1	1	0.08003701402388885
1	1	0.11545917569091446
1	1	0.06575299269848534
1	1	0.07803626038472922
1	1	0.07258634104413642
1	0	0.637466589591962
1	1	0.07403929149040367
1	1	0.07226952973475143
1	1	0.07785289932638206
1	1	0.09015084614859747
1	1	0.07618469492068014
1	1	0.3314535699150837
1	1	0.1453785812537094
1	1	0.07331236399340602
1	1	0.07211632293142034
1	1	0.08502336934098365
1	1	0.07315801915344478
1	1	0.07421108892432993
1	1	0.06827291203052466
1	1	0.07441591512895629
1	1	0.07217709922393156
1	1	0.07518995566177356
1	1	0.0736171500538102
1	1	0.07202870918964288
1	1	0.0745866174866433
1	1	0.07004925981868837
1	1	0.07046399637546263
1	1	0.28220447327345544
1	1	0.06829322148495476
1	1	0.08152488865762675
1	0	0.9823452829988265
1	1	0.07616523466306746
1	1	0.0726677807014543
1	1	0.07397668986954065
1	1	0.07221639811739322
1	1	0.07544184059400671
1	1	0.06767667597205784
1	1	0.17543585986511467
1	0	0.9702285598247473
1	0	0.9371607545494375
1	1	0.07313951812687824
1	1	0.10707646265944437
1	1	0.14133060312272538
1	0	0.5137193220031584
1	1	0.07155871128646007
1	1	0.06625642535674259
1	1	0.06946349073228297
1	1	0.06845581032365788
1	1	0.06994799892395764
1	1	0.07397079072265278
1	1	0.06929373622319157
1	1	0.07023169037861066
1	1	0.06617915935268004
1	1	0.07185290683126622
1	1	0.07075070592834598
1	1	0.1940175937402734
1	1	0.0813356981322847
1	1	0.09857291809060476
1	0	0.6190674372985248
1	0	0.9093529051055325
1	0	0.8617862650711882
1	1	0.07678554567896756
1	1	0.08353681624428388
1	1	0.12004420223511414
1	1	0.080504237359878
1	1	0.0775756307438148
1	1	0.09768372176943063
1	1	0.07490983367401716
1	1	0.07923164325281828
1	1	0.07537954967213445
1	1	0.06946169619281595
1	0	0.5285696668867538
1	1	0.07905608149154097
1	1	0.06526638702090704
1	1	0.07453753669922425
1	1	0.07558920465233443
1	0	0.7630999166049549
0	0	0.9820008917715711
1	1	0.17387219822682398
1	1	0.07835976875755457
1	0	0.5197848442916857
1	1	0.08869915442526044
1	0	0.7914439116783929
1	1	0.0754021149312184
1	1	0.07790810887146782
1	1	0.07149937387454175
1	1	0.13323305471485825
1	1	0.13175222925785723
1	1	0.07189188979506766
1	1	0.07502148668881292
1	1	0.07613448711387338
1	1	0.07691054714731715
1	1	0.07551874895009714
1	1	0.07231752257045476
1	1	0.07746670133821187
1	1	0.06987369478403971
1	0	0.8265281050523403
1	1	0.21140553682120378
1	1	0.07297096237714307
1	1	0.19325140291908305
1	1	0.1083667530820106
1	1	0.10075546255404877
1	1	0.1850825619145533
1	1	0.07408847004757058
1	1	0.06886494396237397
1	1	0.1487073782836782
1	1	0.08321870119048957
1	1	0.0715173988103519
1	1	0.07752093363468693
1	1	0.06801898914642368
1	1	0.07372943289458922
1	1	0.08349316083869929
1	1	0.08313025886369252
1	1	0.2765383733450206
1	1	0.19273961496327563
1	1	0.07423632102476696
1	1	0.09654153096781604
1	1	0.07037316924415649
1	1	0.09027996529435467
1	1	0.11245316414933981
1	1	0.07259938384809805
1	1	0.07894707398691714
1	1	0.11634255475767907
1	1	0.09671111256859677
1	1	0.08135484511991864
1	1	0.0701644242587317
1	1	0.06751654601918466
1	1	0.06996122244754333
1	1	0.11962766795628499
1	1	0.43473406141066995
1	1	0.07550665677881607
1	1	0.0738417395603238
1	1	0.08255603040056603
1	1	0.07635704193203963
1	1	0.07635716755012867
1	1	0.07003649021554748
1	1	0.08438991641019711
1	1	0.07144924704514088
1	1	0.06922572233567448
1	1	0.07335949319514301
1	1	0.09007672209736894
1	1	0.0796114691234785
1	1	0.06971650380208227
1	1	0.06868862430623812
1	1	0.07706581829176395
1	0	0.899395631089167
1	1	0.10248114822409626
1	1	0.07554701521914642
1	1	0.07149458507711193
1	1	0.28982855790948503
1	1	0.07020155357673585
1	1	0.06784077586370418
1	1	0.07228749051140004
1	1	0.06984800549213932
1	1	0.06823533366032342
1	1	0.07808853086175127
1	1	0.3108960237926115
1	1	0.06870334211887819
1	1	0.11371514161044538
1	1	0.07669401355828509
1	1	0.07471693334178753
1	1	0.06787234844719736
1	1	0.06895026419555161
1	1	0.07913563875754925
1	1	0.0751072469044386
1	1	0.07351853774101991
1	0	0.7226963072489563
1	1	0.06986067080760527
1	1	0.24681082429820622
1	1	0.07050002319563509
1	1	0.06971497206637722
1	1	0.07505360381976411
1	1	0.0725332049697599
1	1	0.0693024181894526
1	1	0.07844522717002134
1	1	0.077809034493311
1	1	0.07030485214620741
1	1	0.0750734981185941
1	1	0.0686194590414807
1	1	0.15157295266264814
1	1	0.07590339390186052
0	0	0.9308775334457053
1	1	0.07425038025224306
1	1	0.09819424236266383
1	1	0.08631732724874175
0	0	0.9704810062880469
1	1	0.09830858692002076
1	1	0.12648876024232447
1	1	0.07594542360414758
1	1	0.08200723597993775
1	1	0.09985073698077607
1	1	0.06890438879649152
1	0	0.632513081262448
1	1	0.06976123591719852
1	1	0.07832183741074195
1	1	0.0702085949754232
1	1	0.0691278447580731
1	1	0.07480279511092092
1	1	0.07342339368615902
1	1	0.07184878493639546
1	1	0.22642524971990907
1	1	0.24456403726725917
1	1	0.06660811321845306
1	1	0.07325235310717604
1	1	0.1907631659921285
1	1	0.07264648655154338
1	1	0.10208895756434444
1	1	0.0724643652847975
1	1	0.3399405409436653
1	1	0.09433211998002444
1	0	0.8663292760477741
1	0	0.606847364003102
1	1	0.07720601584173148
1	1	0.31817644028266134
1	1	0.2000349600294642
1	1	0.07376953514571039
1	1	0.06983943073983367
1	1	0.07538352127031767
1	1	0.07314943511360927
1	1	0.06802126126653218
1	1	0.06715179990213593
1	1	0.07032060210273439
1	1	0.06814374866555706
1	1	0.11516078772965532
1	1	0.07752648982278665
1	1	0.07812742347482948
1	1	0.07085752361243203
1	1	0.07441125524532866
1	1	0.11745121522439483
1	1	0.07656099038321129
1	1	0.07013387286534245
1	1	0.06831952071181202
1	1	0.06702052951479698
1	1	0.06713231164636047
1	1	0.06784351856129067
1	1	0.0670537651394012
1	1	0.07190712211607053
1	1	0.3751270739673631
1	1	0.09488039206692367
1	1	0.08064677288518174
1	1	0.0783968486294424
1	1	0.06945813709178328
1	1	0.0764751929705143
1	1	0.07652653781990426
1	1	0.07072903680674913
1	1	0.07262919989937922
1	1	0.07041477658922957
1	1	0.06956333401606096
1	1	0.0682817010896527
1	1	0.07781768071392414
1	1	0.07047030823356115
1	1	0.07449908386944637
1	1	0.272595230506802
1	1	0.06909317994811026
1	1	0.09400337969383932
1	1	0.07370683646899434
1	1	0.0974894524159331
1	1	0.1034359999414538
1	1	0.07342570411766403
1	0	0.5355634538546215
1	1	0.12665704203436967
1	1	0.1121360279990754
1	1	0.08841821111104398
1	1	0.21408712618105752
1	1	0.08279876103487771
1	1	0.07037101335365248
1	1	0.07322558714915361
1	1	0.0771281345558239
1	1	0.471094329405925
1	1	0.08926417225505623
1	1	0.07044596077799248
1	1	0.08270263070265227
1	1	0.0907828812634871
1	1	0.20168203730833423
1	0	0.7013440265633935
1	0	0.8386818086336871
1	1	0.3668892662716423
1	1	0.07736332475825203
1	1	0.07614587711737708
1	1	0.07699750203341138
1	1	0.07333382983254932
1	1	0.0678815818051487
1	1	0.08304542085332045
1	1	0.07014312147195412
1	1	0.0809880548752121
1	1	0.07016640039431976
1	1	0.07862335239999685
1	1	0.12198361783513256
1	0	0.5916436376820235
1	1	0.16757711573785472
1	1	0.08498881546383885
1	1	0.1693182006148014
1	1	0.09586656907474567
1	1	0.06717059101255884
1	1	0.07486469675451568
0	0	0.7969051429333819
1	1	0.11109944234251601
1	1	0.0963754166697518
1	1	0.10890762082823413
1	1	0.11736721401588701
1	1	0.4735642150589553
1	1	0.13374980846382756
1	1	0.09095082032742552
1	0	0.7399083797353831
1	1	0.08368276982315859
1	1	0.0929827347704898
1	1	0.08311933333422994
1	1	0.07718862108871982
1	1	0.06706596846124357
1	1	0.07418116140510311
1	1	0.07713950449584639
1	1	0.07215847191570979
1	1	0.07117956228373112
1	1	0.06720085737926007
1	1	0.06926592997766312
1	1	0.07404878574201712
1	1	0.06891903327618276
1	1	0.07108465545497566
1	1	0.06877672154361592
1	1	0.06892107065517583
1	1	0.10024648062341224
1	1	0.09756828203985446
1	0	0.6250345322502873
1	1	0.10245589536095856
1	1	0.26883774423165674
1	1	0.07325795998879503
1	1	0.08417614017169917
1	1	0.07560413403130728
1	1	0.08407552398656204
1	1	0.08717918369858657
1	1	0.11503452916695334
1	1	0.08439002770414328
1	1	0.23299515313014185
1	1	0.07334401262014767
1	1	0.07687968449469895
1	1	0.11033234301442485
1	1	0.07331232431523127
1	1	0.06867706649653671
1	1	0.3857592288818361
1	1	0.07336698267083586
1	1	0.07198821005257583
1	1	0.07168207158336737
1	1	0.1552765849873209
1	1	0.08768938159778028
1	1	0.07666508146849049
1	0	0.7380772179374429
1	1	0.0896527670536783
1	0	0.9801302216827908
1	1	0.09781989526285462
1	1	0.09650472291015666
1	1	0.07427499621876299
1	1	0.07107409750625104
1	1	0.07100835579378384
1	1	0.07034992394853301
1	1	0.07716520055736431
1	1	0.0686474967015408
1	0	0.8930136460431214
1	1	0.08777172394279198
1	1	0.06716142701934291
1	1	0.06823747782788725
1	1	0.07376069299702415
1	1	0.13461483684915165
1	1	0.07547238910741605
1	1	0.07684973446139398
1	1	0.07152511868337363
1	1	0.18234201507417735
1	1	0.07559775007538283
1	1	0.09074992084355982
1	1	0.19632016485567338
1	1	0.08172220789870421
1	1	0.0872023044541278
1	1	0.07648234353664729
1	1	0.07285050970212426
1	1	0.07431794266600267
1	1	0.06918383587054777
1	1	0.07835381879404302
1	1	0.09034548484833826
1	1	0.0826454566353404
1	1	0.07708377787797016
1	1	0.07305251526984613
1	1	0.07197643376371976
1	1	0.06857640495902395
1	0	0.9630898187934636
1	1	0.13548272381297344
1	1	0.0683137612857897
1	1	0.07341359306645501
1	1	0.07332070552206893
1	1	0.13684256612031964
1	1	0.07778936872933839
1	1	0.15897936962275705
1	1	0.09580679430168082
1	1	0.07076266191707536
1	1	0.0763403625703637
1	0	0.7179313930826098
1	1	0.10255990118824265
1	1	0.3340836644540215
1	1	0.07884887835996357
1	1	0.1049340063309101
1	1	0.07691023949905096
1	1	0.08253563290860733
1	1	0.07061170590750943
1	1	0.07046551926602374
1	1	0.06935294219356303
1	1	0.06915337191950643
1	1	0.06954160209628779
1	1	0.06665137229274487
1	1	0.07697421594730847
1	1	0.07025983834521343
1	1	0.06520614248873313
1	1	0.06424550467710954
1	1	0.06687056047075746
1	1	0.2229654558132219
1	1	0.07273626422901613
1	1	0.0778308171406451
0	0	0.9751731222481104
1	1	0.10311851342458511
1	1	0.07278694772625349
1	1	0.16193861660153397
1	0	0.9689120528503339
1	1	0.06516232570945057
1	1	0.08875600093510616
1	1	0.07567945245001062
1	1	0.07442482083575352
1	1	0.06726159457361292
1	0	0.5531732627994639
1	1	0.28771303346477406
1	1	0.07566034450880998
1	1	0.0722632549296659
1	1	0.08269179990030884
1	1	0.07237805527857155
1	1	0.07055324372640182
1	1	0.2098784024762872
1	1	0.06693247502385113
1	1	0.12814525870268378
1	1	0.20815614735751586
1	1	0.07259742902603683
1	1	0.06575769378428187
1	1	0.06441932722416421
1	1	0.44984648620792855
1	1	0.07172717137070483
1	1	0.11287551451145084
1	1	0.06415935149135266
1	1	0.07716152750749239
1	1	0.09743183592457272
1	1	0.0723138007043469
1	0	0.7963949877849851
1	1	0.0674354614438627
1	1	0.06556550423623553
1	1	0.2816813778509143
1	1	0.06558813571685684
1	0	0.5600135187237186
1	1	0.0691616643316636
1	1	0.07840525418351374
1	1	0.06734705077279013
1	1	0.07606677042719256
1	1	0.06369026214445117
1	1	0.07678116780008615
1	0	0.6016030135453787
1	1	0.09595076394863356
1	0	0.5220766344121587
1	1	0.14239400023898408
1	1	0.36503971480264386
1	1	0.08516171641263137
1	1	0.06858142357794794
1	1	0.06773000176088984
1	1	0.06441611964523841
1	1	0.06386246691695885
1	1	0.06494452817684238
1	1	0.1285808549967743
1	1	0.06770538298486362
1	1	0.09235904124764638
1	1	0.09366555744427785
1	1	0.2456462419244334
1	1	0.30544649481509967
1	1	0.07267278674387234
1	1	0.07492145061740796
1	1	0.0634721487551787
1	1	0.07388102082397652
1	1	0.0661519216619566
1	1	0.06798250191540045
1	1	0.10603805933157961
1	1	0.06730339545146913
1	1	0.0668954217517076
1	1	0.06743743522581824
1	1	0.1323097725162079
1	1	0.06343246231103783
1	1	0.06822669963367756
1	1	0.06514292167194158
1	1	0.06801187533302577
1	1	0.07502466610398095
1	1	0.06497438451559401
1	1	0.0669722637604161
1	1	0.0687434295844096
1	1	0.06404818304196747
1	1	0.06540740478484974
1	1	0.06367788296064969
1	1	0.07369605319877037
1	1	0.07002348534944913
1	1	0.06528635813644879
1	1	0.07076672731991795
1	1	0.06790199929514218
1	1	0.06373790769552257
1	1	0.11253085530599205
1	1	0.0748982685083237
1	1	0.06498594281584358
1	0	0.5066409481467551
1	1	0.07467404945743561
1	1	0.06687337691432405
1	1	0.06933375323522328
1	1	0.06498106658944058
1	1	0.06431636083654013
1	1	0.10568736193471773
1	1	0.19860752456212938
1	1	0.06373333247602209
1	1	0.06807621237818784
1	1	0.06577605668125053
1	1	0.08648942486953626
1	1	0.06760234199968662
1	1	0.0640061427731613
1	1	0.06485719138321178
1	1	0.06568471526397812
1	1	0.0797241344732803
1	1	0.06678290814016519
1	1	0.23488451431924484
1	1	0.13052446644094262
1	1	0.08370652839002801
1	1	0.07753952296561628
1	1	0.07768297669537538
1	1	0.06482499378932638
1	1	0.06763227135816952
1	1	0.16266075643099354
1	1	0.07072129622782541
1	1	0.1238959870670201
1	1	0.06452755285800749
1	1	0.06772370387939575
1	1	0.06539832842227788
1	1	0.10144285015986765
1	1	0.06943661566477655
1	1	0.14560294989783917
1	1	0.08783417475526578
1	1	0.07642283262080851
1	1	0.066932123711686
1	1	0.06858113370010799
1	1	0.06364095068430864
1	1	0.06507066065965283
1	1	0.07144354260758057
1	1	0.07168955651373343
1	1	0.06449124014292107
1	1	0.12014495155452432
1	1	0.09504955252181169
1	1	0.06929481826290107
1	1	0.07835189983234014
1	1	0.07821235089400436
1	1	0.07515892677069902
1	1	0.0735033974340662
1	1	0.0747403695977451
1	1	0.08735169004322685
1	1	0.1523259703268477
1	1	0.06604004626906868
1	1	0.06384540929535998
1	1	0.2121519918815521
1	1	0.07138869888006771
1	1	0.0963880285408808
1	1	0.22863126306508663
1	1	0.06595437959844819
1	1	0.0662728403483317
1	1	0.21026882817174775
1	1	0.06657128619053598
1	1	0.0657647193641161
1	1	0.06405390042068748
1	1	0.06728560314652587
1	1	0.08946735338556844
1	1	0.06689020788459166
1	1	0.0679952908387691
1	1	0.0707342362508604
1	1	0.07623950512549516
1	1	0.08156377924813618
1	1	0.08222633119996414
1	1	0.14048139552529693
1	1	0.11017252339628325
1	1	0.08072379606160673
1	1	0.07293304560233316
1	1	0.468559479889993
1	1	0.09503328526986399
1	1	0.07525395358904596
1	0	0.7060450247056165
1	1	0.09484820896925583
1	0	0.6318090242869296
1	1	0.07922650996843428
1	1	0.06689505186057043
1	1	0.07452545476934003
1	1	0.06807524963245815
1	1	0.06861197674958885
1	1	0.27814922000035025
1	1	0.2295938106935168
1	1	0.0718011065012869
1	0	0.8998258835279145
1	1	0.06591884793974423
1	1	0.06981309383044598
1	1	0.06475248270733802
1	1	0.08029636265362816
1	1	0.06773964457560466
1	1	0.07290240391868807
1	1	0.23599374784636862
1	1	0.07055121651118534
1	1	0.0743047294113015
1	1	0.10179125060451855
1	1	0.07203604122402874
1	1	0.06428334424758197
1	1	0.0825026510575868
1	1	0.07466108724334641
1	1	0.08057907309865575
1	1	0.06787548672385568
1	1	0.06533141593380354
1	1	0.13766582053865162
1	1	0.06472612585719173
1	1	0.06571642976107572
1	1	0.2928784606882656
1	0	0.655733112316752
1	1	0.07992533713642613
1	1	0.0677648733315005
1	1	0.07434278485113244
1	1	0.06504889792595836
1	1	0.16223603278941545
1	1	0.0873080994215627
1	1	0.06581683704791541
1	1	0.07136030401242477
1	1	0.2319136982004194
1	1	0.13542275075381138
1	1	0.07039459821930494
1	1	0.07405584738473614
1	1	0.22393883543806914
1	1	0.08502464937635068
1	0	0.7056210208784465
1	1	0.1016461464374444
1	1	0.07056806589595799
1	1	0.06905941581562858
1	1	0.0915094224110653
1	1	0.07134601411833663
1	0	0.5981322602441161
1	0	0.8958530662320194
1	1	0.0667564703997412
1	1	0.06426118823248772
1	1	0.24258077532820232
1	1	0.07034243145249208
1	1	0.07027525153668912
1	1	0.06936839409915574
1	0	0.5258431737244629
1	1	0.16181441277025144
1	1	0.07040501439268843
1	1	0.06481296286113936
1	1	0.3789488325765591
1	1	0.07000649010403193
1	1	0.06946706319497509
1	1	0.06507610313564816
1	1	0.1522494751438077
1	1	0.06306442158356063
1	1	0.0660668843439598
1	0	0.6270554601448477
1	1	0.06471610404034422
1	1	0.06606434911109393
1	1	0.06473399914317302
1	1	0.0654553648521301
1	1	0.06812479601129684
1	1	0.06412666140238299
1	1	0.12552387740150905
1	1	0.06508814897916215
1	1	0.06416263317490845
1	1	0.07237024542816528
1	1	0.0661616140489738
1	1	0.07148232239484309
1	1	0.06434200075202834
1	1	0.0701622010628391
1	1	0.1357695258154008
1	1	0.09251416644640764
1	1	0.2547091388094088
1	1	0.2575175786229972
1	1	0.09066396672367072
1	1	0.24404849439629772
1	1	0.10019457717456315
1	1	0.06764322403716516
1	1	0.0718410269776465
1	1	0.26733227257692294
1	1	0.0651125499273223
1	1	0.06524788088676825
1	1	0.07158854727408448
1	1	0.06376879442748218
1	1	0.063410367949428
1	1	0.06800824487620194
1	1	0.06721757547226637
1	1	0.07018909266827
1	1	0.12427180243690417
1	1	0.0721532346035636
1	1	0.07038200302980735
1	1	0.06475503596008303
1	1	0.3342081891319011
1	1	0.0709115969226205
1	1	0.3602033629018526
1	1	0.1055048041323674
1	1	0.06395115043693944
1	1	0.23248301591636544
1	1	0.06632134524673439
1	1	0.07647455766121214
1	1	0.06818190096846921
1	1	0.06897895910038387
1	1	0.0764011721268093
1	1	0.07451577827684785
1	1	0.07626724024441767
1	1	0.07643097398802923
1	1	0.06647291769114794
1	1	0.33926182317284526
1	1	0.08759017260975899
1	1	0.07094661065308772
1	1	0.06517631052839534
1	1	0.07670242480842815
1	0	0.8117648508818556
1	1	0.12563883344124094
1	1	0.10331900732604538
1	1	0.07841644233316047
1	1	0.07988795294588702
1	1	0.07217583779236159
1	1	0.0685980699422285
1	1	0.07043681602940244
1	1	0.10154825035943071
1	1	0.22149270294639278
1	1	0.09613433210642208
1	1	0.07051451447107693
1	1	0.06985192282277064
1	1	0.06821535936389844
1	1	0.0705275801868619
1	1	0.06522697484026962
1	1	0.08570617797363822
1	1	0.06891358963278282
1	1	0.08653206717825745
1	1	0.07408443988457902
1	1	0.06488925247904809
1	1	0.23614546795635272
1	1	0.06856099337566479
1	1	0.07925529343246529
1	1	0.0945679337315477
1	1	0.07007285537532915
1	1	0.06520423080356341
1	1	0.0679644155095358
1	1	0.0635230165003402
1	1	0.07228374720930653
1	1	0.0678897851066137
1	1	0.07312968435382483
1	1	0.06468331214881051
1	1	0.06576519036252948
1	1	0.08435143137745027
1	1	0.17444790727156345
1	0	0.6963699918683098
1	1	0.06803259139561058
1	1	0.06821556643474458
1	0	0.8089388261240629
1	0	0.734518526669468
1	1	0.07525123690744318
1	0	0.7418739415056157
1	1	0.10830999508857297
1	1	0.07220920409650089
1	1	0.1349553578171414
1	1	0.09764473773713978
1	1	0.06894909007877437
1	1	0.09244731651597371
1	1	0.07880017168066455
1	1	0.08294457326224991
1	1	0.08836945100983151
1	1	0.07154932012863136
1	1	0.06726640431926534
1	1	0.06888833995902499
1	1	0.06723861921657037
1	1	0.06759988646114723
1	1	0.06991575458265509
1	1	0.1416474255063419
1	1	0.09899372396932704
1	1	0.06939840295332456
1	1	0.06847564815212714
1	1	0.06534672385293316
1	1	0.06660229218803515
1	1	0.06675242427088479
1	1	0.0670925724042738
1	1	0.06933620814051522
1	1	0.06956121376784274
1	0	0.7445907331669683
1	1	0.0664417182788879
1	1	0.07498561548001259
1	1	0.0682377813084345
1	1	0.06452887885026626
1	1	0.06512875413560326
1	1	0.06736917361953343
1	1	0.06862562071305056
1	1	0.06373470983013829
1	1	0.06715446358051191
1	1	0.07147817551243574
1	1	0.06863563355251368
1	1	0.27460129233649644
1	1	0.07150734048768281
1	1	0.07992215281294157
1	0	0.7010845804261052
1	1	0.38977942890039907
1	1	0.06606421039189336
1	1	0.4535829032741213
1	0	0.6924806666435949
1	1	0.11622113221753394
1	1	0.07172484556244008
1	1	0.07444701098570605
1	1	0.40628531484419095
1	1	0.3126216966993304
1	0	0.5061299981060157
1	1	0.06422717068329742
1	1	0.07909222318043341
1	1	0.06568153381608755
1	1	0.06938513115208933
1	1	0.3677938501803836
1	1	0.0734140192034225
1	1	0.0784085070029239
1	1	0.07143555820538272
1	1	0.06599952963242395
1	1	0.06705579074150703
1	1	0.06436452656701208
1	1	0.06866153514810858
1	1	0.06796639435588003
1	1	0.0850548025421266
1	1	0.07686166965047814
1	1	0.07551633171205485
1	1	0.07549555465775104
1	1	0.18870660904728942
1	1	0.09487673589099854
1	1	0.0929435141128584
1	1	0.11761783745145982
1	1	0.17335370461555566
1	1	0.11456695968288289
1	0	0.9125928578449003
1	1	0.14446734031898045
1	0	0.9543306236132018
1	1	0.1251821689502377
1	1	0.1060334600206585
1	1	0.09874568298521669
1	1	0.08498418567572075
1	1	0.07149461766816445
1	1	0.08233890188597714
1	1	0.07715179047298681
1	1	0.07378246846018999
1	1	0.07208720758760379
1	1	0.3274808849345867
1	1	0.259261175781062
1	1	0.09201988645874326
1	1	0.06786557849246089
1	1	0.09005022957496789
1	1	0.08399072279172481
1	1	0.0724158931167449
1	1	0.0695497708025663
1	1	0.07484515698189331
1	1	0.08274377315232317
1	1	0.16106421539004756
1	1	0.089029768833507
1	0	0.8532592439923103
1	1	0.07516764283799693
1	1	0.09688737605746955
1	1	0.09441309738743309
1	1	0.12872200253048494
1	1	0.07385006042445807
1	1	0.06892936151355389
1	0	0.7227456615223902
1	0	0.9555541416052282
1	1	0.14330065286543126
1	1	0.11534217383281475
1	1	0.09156020675569843
1	1	0.11035151358791684
1	1	0.09372107474345404
1	1	0.097077914993141
1	1	0.1239256498583573
1	0	0.8909791728537007
1	0	0.9129013550115472
1	1	0.24755889032924683
1	1	0.07654301176567258
1	1	0.09254871141174825
1	1	0.2995311945958633
1	0	0.6884592044528147
1	1	0.2574958917152115
1	1	0.11995948609871354
1	0	0.9820427297483771
1	1	0.09453388015509923
1	0	0.8225201821111805
1	0	0.7177065644677796
1	1	0.2751637638629113
1	1	0.08145405883422707
1	1	0.15020919250117093
1	1	0.12610420451972937
1	1	0.17801175892453447
1	0	0.8453413423979822
1	0	0.972630878647251
1	1	0.2839420448788238
1	1	0.0962794614731961
1	1	0.13454628531582147
1	0	0.9627576691540337
1	0	0.9566709745362234
1	0	0.6785146790384229
1	1	0.13624395796856492
1	1	0.11603427930109489
1	1	0.0749093159749763
1	1	0.08169699744417025
1	1	0.10114018234919075
0	0	0.948396910382123
1	1	0.1116563960500152
1	1	0.07698704608277374
1	1	0.105627104943819
1	0	0.8239869022107771
1	1	0.27042858591248686
1	1	0.09106171104211258
1	1	0.08050165102498286
1	1	0.13315673389481109
1	1	0.0840827887171578
1	1	0.1684800792501263
1	1	0.12893591922609826
1	1	0.09346698358264172
1	1	0.07160777509402716
1	0	0.6297540049631392
1	1	0.23550071243837678
1	1	0.11632726830878326
1	0	0.6605822372954726
1	0	0.7411789698739955
1	1	0.3755247955327159
1	1	0.09497914617262915
1	1	0.14719377677718914
1	1	0.13332525931426709
1	1	0.09038067146056616
1	1	0.07434161746236534
1	1	0.07118710212838952
1	1	0.14048633996720072
1	0	0.8645663057056404
1	0	0.8434054323650153
1	1	0.1277310994310119
1	1	0.1466606045096156
1	1	0.25761892517140816
1	1	0.1735571545402521
1	0	0.9293084181452305
1	0	0.5796943014103075
1	1	0.11050054808068133
1	1	0.41988945655403975
1	0	0.8370111806709712
1	1	0.3493742677510978
1	1	0.3369420698494138
1	1	0.15558079049184637
1	1	0.10758631487318282
1	1	0.32740398271806603
1	1	0.17048095416868536
1	1	0.25223676722284083
1	0	0.8490001287814558
1	0	0.9759332446515901
1	1	0.09083580925732682
1	1	0.2157583747505596
1	1	0.1515464316946128
1	1	0.08323981868773322
1	1	0.07807975485883634
1	1	0.26626772968993384
1	1	0.3613633594994966
1	1	0.10248384688896373
1	1	0.13317728161096953
1	1	0.07004094525443638
1	1	0.06816910086727535
1	1	0.11096272166707555
1	1	0.10218347004455286
1	1	0.12536815148133362
1	1	0.06876332093417215
1	1	0.0679047150712001
1	1	0.11599528877600374
1	1	0.07908584323768064
1	1	0.08672382117123478
1	1	0.0708010143269504
1	1	0.08635479143022484
1	1	0.11474706194668072
1	1	0.29314203714364073
1	0	0.9784100903014014
1	0	0.7665732588201326
1	1	0.08743020552248015
1	1	0.08026621016572943
1	1	0.07239634120956273
1	1	0.07172663200302876
1	1	0.1516525173809341
1	1	0.09090155797871424
1	1	0.06941571256082002
1	1	0.0782414867548944
1	1	0.1368114646901607
1	1	0.3080203633599814
1	1	0.14999094930992762
1	1	0.06460373893995108
1	1	0.07423237037536146
1	1	0.09266129654578592
1	1	0.10710557376606433
1	1	0.07661510689071538
1	0	0.5427653444748135
1	1	0.19113742076659002
1	1	0.10063355957740971
1	1	0.06937330836862754
1	1	0.06506243020059843
1	1	0.09467027205147993
1	1	0.06656562600415517
1	1	0.09130132529626067
1	1	0.06807106066628799
1	1	0.07828653602188052
1	1	0.13598008247604199
1	1	0.12483779410573959
1	1	0.10791526298686316
1	1	0.08698223838744601
1	1	0.07207932142105056
1	1	0.07425025535317376
1	1	0.10016985483437857
1	1	0.07696347155875971
1	1	0.34446184461943274
1	1	0.09475125090759051
1	1	0.06735931436910236
1	0	0.5979576538724138
1	1	0.0888699120368116
1	1	0.3364011438577914
1	1	0.08140987956912571
1	1	0.09567449637162351
1	1	0.06949582803020515
1	1	0.07204617643992506
1	1	0.06942422875314058
1	1	0.0645876345077736
1	1	0.07099313994522483
1	1	0.10033415022007686
1	1	0.06546647084913848
1	1	0.08835692306051568
1	1	0.20921134925930052
1	1	0.09877338345724995
1	1	0.0890951956556153
1	1	0.10161471067848526
1	1	0.07020753394512247
1	1	0.07680190950578702
1	0	0.5390100353315417
1	1	0.06834288075736827
1	1	0.0722880790888748
1	1	0.06812187606267384
1	1	0.06773805691241863
1	1	0.1793778649538732
1	1	0.07025085787372543
1	1	0.29790376533624197
1	1	0.07738875461498917
1	1	0.06643641051673932
1	1	0.08295019433336925
1	1	0.08386054861633496
1	1	0.0750598488292521
1	1	0.08241212465516112
1	1	0.06733516551172847
1	0	0.8565658702796898
1	1	0.0854089224788036
1	1	0.12476288699942761
1	1	0.06691827331649935
1	1	0.11160075194145513
1	1	0.08228835367589726
1	0	0.7639099042658015
1	1	0.09614965174808099
1	1	0.12046973502669123
1	1	0.09936594287136902
1	1	0.07035857105923105
1	1	0.07075455768586092
1	1	0.10371934037834174
1	1	0.12798277784829715
1	1	0.11655192589002472
1	1	0.08704820331067775
1	1	0.10494397165634772
1	1	0.45701930570350924
1	1	0.09905810047920405
1	1	0.11750594286598648
1	1	0.13009340532901614
1	1	0.07850507952398444
1	1	0.18550572772125729
1	1	0.18000041083564
1	1	0.09084159554527949
1	1	0.49550427599898317
1	0	0.9734560906061929
1	1	0.11426521689516345
1	1	0.07871495480320367
1	1	0.10666420163754176
1	1	0.13940521420440533
1	1	0.07361239116847018
1	1	0.06882414249351343
1	1	0.0660518722061113
1	1	0.09555089448952403
1	1	0.07925215770797422
1	1	0.4933443490906916
1	1	0.14308158971726848
1	1	0.07899666090977131
1	1	0.0869361415180614
1	1	0.09914969262116957
1	1	0.32333490353769156
1	1	0.06547102625893997
1	1	0.12040106932055339
1	1	0.06580981505041883
1	1	0.0667238178972176
1	1	0.06643609694675645
1	1	0.06933910670153087
1	1	0.07771890466894527
1	1	0.06999321842900763
1	1	0.0743407986443334
1	1	0.09622089737651929
1	1	0.0735567262356227
1	1	0.12725869732554862
1	1	0.200551306097298
1	1	0.28809339113909604
1	1	0.07695228960373501
1	1	0.11187711745135143
1	1	0.0667362642049929
1	1	0.09267495009197257
1	1	0.0781365095988159
1	1	0.10626533751292389
1	1	0.10472838527811346
1	1	0.07821208641350974
1	1	0.11569372476452344
1	1	0.16012648760086334
1	1	0.06624962050450456
1	1	0.07688728761703145
1	1	0.1417615394180427
1	1	0.0692775440469453
1	1	0.07463978980320829
1	1	0.08089794867331834
1	1	0.0689165916219665
1	0	0.752295375434274
1	1	0.07983414886694629
1	1	0.12427332351441933
1	1	0.11631791356253296
1	1	0.11115889881335073
1	0	0.6111319160838975
1	1	0.11303203475715795
1	1	0.34689192775330235
1	1	0.07804454593608645
1	1	0.07374619380430514
1	1	0.06998675224602824
1	0	0.7725855303853016
1	1	0.1887645180581331
1	0	0.9703093933039804
1	1	0.2918256796198022
1	1	0.1143401623909257
1	1	0.10537276325718259
1	1	0.18976254948604288
1	1	0.11108604580676906
1	1	0.21869324237693877
1	1	0.0991385005448604
1	1	0.06641109214132568
1	1	0.4374207967252216
1	1	0.18956837238849766
1	1	0.14214509412718246
1	1	0.1442215056835594
1	1	0.1156378698774787
1	1	0.07609534414556629
1	1	0.07124599012448962
1	1	0.07283904127021479
1	1	0.07235089522351135
1	1	0.4319363607205424
1	0	0.5243328628372615
1	1	0.1022515847971901
1	1	0.07073646859786298
1	1	0.06780364929102678
1	1	0.0892555908743976
1	1	0.2515317212163807
1	1	0.36022155425001523
1	1	0.19407436682883394
1	1	0.11986539008070463
1	1	0.2713934871366822
1	1	0.09760336326710928
1	1	0.4662584510477522
1	1	0.08394056171395747
1	1	0.07480652806036081
1	1	0.18571505915250652
1	1	0.11696735841089712
1	1	0.29625466033896475
1	1	0.07197277981545847
1	1	0.09914018211186015
1	1	0.06479759269324747
1	1	0.10070521838345237
1	1	0.32743566520194334
1	1	0.07227231506284737
1	1	0.10696439421893744
1	1	0.2928419069131094
1	1	0.09395765660259481
1	1	0.12545209761115028
1	1	0.11181884688948873
1	1	0.0966219716674267
1	1	0.3003838077843266
1	0	0.7330512286242631
1	1	0.09081235791678577
1	1	0.06888450308962413
1	1	0.0781751763667532
1	1	0.11047516558203896
1	1	0.11880365844446539
1	1	0.0736943950236858
1	1	0.10108714818631437
1	1	0.07280381493485455
1	1	0.1336637541596597
1	1	0.10887024157628766
1	1	0.32891510283428993
1	1	0.11451736034943394
1	1	0.08947123166783277
1	1	0.09858172242032404
1	0	0.8355635674568977
1	1	0.07262661048317476
1	0	0.5971505206246277
1	1	0.07928240789637264
1	1	0.07180971282659354
1	1	0.2965358509674276
1	0	0.5936680939263492
1	1	0.06965657634959876
1	1	0.06589886876742279
1	1	0.06599298762289774
1	0	0.5499566760506995
1	1	0.20555615805994176
1	1	0.0906129188642143
1	1	0.09206133048380982
1	1	0.09984986013133768
1	1	0.08015613191451632
1	1	0.06948433435085244
1	1	0.09013659710364474
1	1	0.31764540108104133
1	1	0.06538034328941389
1	1	0.08436591058152432
1	1	0.13473405067501587
1	1	0.1957800327135839
1	1	0.06726827971557114
1	1	0.07480208445885184
1	1	0.06889860190620178
1	1	0.2096958411946811
1	1	0.10779224099106122
1	1	0.07853370938341853
1	1	0.07974770468001302
1	1	0.06904693668178308
1	1	0.07249159270015737
1	1	0.0654223517987067
1	1	0.08191101828437797
1	1	0.13735545384516334
1	1	0.07338159866084226
1	1	0.08139055092284175
1	1	0.06699905364799263
1	1	0.09537691235823809
1	1	0.0667246049345328
1	1	0.0710821563707259
1	1	0.06963547284971583
1	1	0.10217747188464099
1	1	0.07073358519123107
1	1	0.06484329061120275
1	1	0.228593787662989
1	1	0.34911535573665664
1	1	0.1570886887871582
1	0	0.6989159395117577
1	1	0.09995796644324406
1	1	0.06779657379699366
1	1	0.07354820566731302
1	1	0.07004825964009609
1	1	0.07282010478338652
1	1	0.08659137951036966
1	1	0.09798710592384252
1	1	0.09774484322056987
1	1	0.09683398406541588
1	1	0.07875330621815613
1	1	0.09000052517436397
1	1	0.08976306161857805
1	0	0.547392774736061
1	1	0.12959149937011383
1	1	0.35243825544334983
1	1	0.12252359945266156
1	1	0.07189458713191743
1	1	0.07099176045169464
1	1	0.2068767711727012
1	1	0.09945351431808813
1	0	0.5076434753625046
1	0	0.8038816838959792
1	1	0.11556837811406118
1	1	0.07176158555832646
1	1	0.07953083902390634
1	1	0.07412898703090953
1	1	0.07120302837930081
1	1	0.11932508610381354
1	1	0.09233265727860274
1	1	0.10103931620524609
1	1	0.06929445288497937
1	1	0.07125601443738971
1	1	0.07125690905201121
1	1	0.07971582396809751
1	1	0.13965944402443364
1	1	0.07907297498425236
1	1	0.06491738617822629
1	0	0.8950559364076285
1	1	0.06994647254465458
1	1	0.3369338525741088
1	1	0.26600357554742204
1	1	0.12276077364483662
1	1	0.11202692270286241
1	1	0.08031858785557433
1	1	0.12293398849283499
1	1	0.0704706265651418
1	1	0.19217734274588572
1	1	0.09139220242230917
1	1	0.06798710091194315
1	1	0.09586793377722369
1	1	0.10709754182779829
1	1	0.10815453076012027
1	1	0.10790903796827256
1	1	0.10826464646089162
1	1	0.09304213094252756
1	1	0.06998954528976697
1	1	0.13830563801447138
1	0	0.8076364892976531
1	1	0.43947090849904324
1	0	0.7662167552014068
1	1	0.183133193208891
1	0	0.7612837151602834
1	1	0.21283916288280214
1	0	0.860232589752344
1	1	0.22750259180453158
1	0	0.7364870983266296
0	0	0.9819946282875477
1	1	0.07923969758673566
1	1	0.09654284771346566
1	1	0.09954810899935851
1	1	0.10753364783569286
1	1	0.09686884615079161
1	1	0.1050103341444687
1	1	0.1295534456044647
1	1	0.12350648013016274
1	1	0.08962061058539317
1	1	0.07757111175900344
1	1	0.08071058200535497
1	1	0.08951870255714989
1	0	0.9643922323057084
1	1	0.06996842305051998
1	1	0.129622451781767
1	1	0.39258970321140507
1	0	0.9036427284026123
1	0	0.9802930564618751
1	0	0.8105365700651493
1	0	0.9748722833353985
1	0	0.9390767003995919
1	1	0.10049673602856246
1	1	0.21112684842036789
1	1	0.12173492512329487
1	0	0.7995586112944741
1	0	0.8999681201119165
1	1	0.1361796574428401
1	0	0.9291893980910308
1	1	0.3903965267660887
1	1	0.08030035953162451
1	1	0.23977762528906144
1	1	0.12477305460431987
1	1	0.1822049533913377
1	1	0.11020192617059565
1	1	0.08499890017756528
1	1	0.07725725078966639
1	1	0.08262390618480275
1	1	0.08176034827099632
1	1	0.11908480443755343
1	1	0.23549559634152228
1	1	0.0736737815740599
0	1	0.08435602739752213
1	1	0.07284575529899029
1	1	0.08223742538336187
1	1	0.07879416597891509
1	1	0.08890843757057776
1	1	0.16427552018173674
1	1	0.23725635117495325
1	1	0.4626930879984392
1	1	0.08658379908874936
1	1	0.06962283243101008
1	1	0.07659793271260484
1	1	0.08015903375908096
1	1	0.23504029985121844
1	1	0.10646807102797706
1	1	0.09880677266621762
1	1	0.13919662616503647
1	1	0.08453923865140567
1	1	0.10432733544855743
1	1	0.09432745914594831
1	1	0.07877599833268578
1	1	0.16388996876575768
1	1	0.10648443137314656
1	1	0.07539209064339447
1	1	0.10924687965306834
1	1	0.10626625244099208
1	1	0.19012042929835649
1	1	0.10403857893972845
1	1	0.09887770586478084
1	1	0.1801720366230014
1	1	0.2526375454560048
1	1	0.0818970456153768
1	1	0.13600624490906665
1	1	0.11253114245678775
1	1	0.2797568389874633
1	1	0.07865705556641811
1	1	0.10799593095072724
1	0	0.9791152042809602
1	0	0.8571483074455554
1	1	0.1487183402567297
1	1	0.08596154217818375
1	1	0.09540071969943287
1	1	0.3151624818148059
1	1	0.1124977609290937
1	1	0.07969103246869125
1	1	0.07727079802702708
1	1	0.1116680760740022
1	0	0.7396682025798984
1	1	0.31881738620545275
1	1	0.4666680847767253
1	1	0.14775260149365654
1	1	0.07751099137782214
1	1	0.07138911622537958
1	0	0.7903591696677824
1	1	0.17919253173000416
1	1	0.08605595449942971
1	1	0.07630883331848004
1	1	0.11054874980297613
1	1	0.31083005844664713
1	1	0.08357550906265332
1	1	0.07804123721025857
1	1	0.45703233201996396
1	1	0.10484561609183918
1	1	0.07353172062038915
1	1	0.08809644829055607
1	1	0.14096052492387656
1	1	0.07467248716124475
1	1	0.10031534678534282
1	1	0.09788430730674769
1	0	0.711663708875579
1	0	0.9374753099175919
1	1	0.376366999096193
1	1	0.07780876203212272
1	1	0.13878375411279364
1	1	0.14014309515904644
1	1	0.08067629183068514
1	1	0.09748475458818351
1	1	0.17665640421845386
1	0	0.6130443356438382
1	1	0.16190239070176027
1	1	0.08191508947568593
1	1	0.08901502482866908
1	1	0.07487435052390357
1	0	0.6194315347796346
1	1	0.4698758922918326
1	1	0.10542205679123262
1	1	0.07669382590971663
1	0	0.5281901377117801
1	1	0.1015435900882874
1	1	0.07462423649647043
1	1	0.19668764831441587
1	1	0.09338440594072028
1	0	0.5095567323350384
1	1	0.16350608280393553
1	1	0.12443063499702545
1	1	0.15563471747188162
1	0	0.8190268135588599
1	1	0.2021910385418445
1	1	0.1517804884199837
1	1	0.0878569001159405
1	0	0.8773683702117911
1	1	0.1839908052799636
1	1	0.08786418870293533
1	0	0.6811675273109089
1	1	0.11208023433613334
1	1	0.08582112792094199
1	1	0.0812122510750074
1	1	0.08954810004379055
1	1	0.11340346236146082
1	1	0.09022755082197287
1	1	0.11941768212241688
1	1	0.2579759244722639
1	0	0.7930167598710163
1	0	0.9756209507107148
1	1	0.17055264671338455
1	1	0.10081428394988778
1	1	0.12724539096879317
1	1	0.13255955332563185
1	1	0.4155018980701646
0	0	0.9699044933799709
1	0	0.9310390179557643
1	0	0.6542042129624251
1	0	0.9371038384885916
1	1	0.11221451677154048
1	1	0.08387312940481562
1	1	0.1000593996570015
1	1	0.09400720688224284
1	1	0.1309629746690102
1	1	0.07222822633010717
1	1	0.08756867889443387
1	1	0.07627267044118147
1	1	0.07933687258352395
1	1	0.10038279831131347
1	1	0.08365666695755325
1	1	0.10408169559256764
1	1	0.09546691779689298
1	1	0.08118336302901497
1	1	0.11271005628652053
1	1	0.09034194373141025
1	1	0.07459632600853638
1	0	0.7716340608400505
1	1	0.10832421486245669
1	1	0.08401628289046603
1	1	0.07645091800308812
1	1	0.08254150977619379
1	1	0.09391242606745676
1	1	0.09735046021559635
1	1	0.0817234174404119
1	1	0.07991023308676204
1	1	0.11266859078173252
1	1	0.07793224818963218
1	1	0.07498486451971376
1	1	0.07000942101109031
1	1	0.07678706133084323
1	1	0.0922339557634334
1	1	0.08365883838287702
1	1	0.08526209547884855
1	1	0.09959999894737759
1	1	0.08711165572518709
1	1	0.08549684727045292
1	1	0.076168826379032
1	1	0.07701891460823262
1	1	0.10506965405801505
1	1	0.09714826200306736
1	1	0.09201052479686178
1	1	0.0726327372495933
1	1	0.0875443066650714
1	1	0.11100616553630027
1	1	0.10054730821537772
1	1	0.08063407214629037
1	1	0.10500441383334513
1	1	0.0951169705310767
1	1	0.08001687755435327
1	1	0.08421213556166862
1	1	0.11902879052470094
1	1	0.12018620287845916
1	1	0.1503121273484358
1	1	0.10055659119203231
1	1	0.08010598835991545
1	1	0.08925164368561089
1	1	0.0754731067207981
1	1	0.09956339067320996
1	1	0.14129453340113263
1	0	0.9239375193419717
1	0	0.8192945707242001
1	1	0.10156796896271558
1	1	0.07763871196290861
1	1	0.07339381724836447
1	1	0.10053917611460617
1	1	0.10296694231122072
1	1	0.09163782710232149
1	1	0.07123910026454927
1	1	0.08048109864660236
1	1	0.0770084906590568
1	1	0.07842801202367877
1	1	0.0986804385155613
1	1	0.11511031080004253
1	1	0.08266823984938454
1	1	0.07230565282688228
1	1	0.09630391166665109
1	1	0.07183333397866876
1	1	0.08243520338496069
1	1	0.11068817105683204
1	1	0.08722160220818442
1	1	0.08874257204548286
1	1	0.09318809172464226
1	1	0.07292567587222187
1	1	0.11273764481458515
1	1	0.0968141904579577
1	1	0.0801530272111306
1	1	0.11285047575614104
1	1	0.10641571904816627
1	1	0.07161148840515785
1	1	0.092922381413867
1	1	0.10421528670746083
1	1	0.12658414736993684
1	1	0.1129313450398981
1	1	0.08274725440655994
1	1	0.0786469663230378
1	1	0.1132454019299457
1	1	0.08487960291876562
1	1	0.13174760618141423
1	1	0.21483422810396413
0	0	0.9826634233874767
1	0	0.7312533978834183
1	1	0.1373475323942076
1	1	0.14504620538048651
1	1	0.0748386320217882
1	1	0.1223522306363437
1	0	0.5132567214800894
1	1	0.08509810145190377
1	1	0.28784656893549765
1	1	0.08681405687553878
1	1	0.07181630666388517
1	1	0.07977203063052218
1	1	0.07172273189763545
1	1	0.32012985567154395
1	1	0.08743047638189494
1	1	0.09564745226396931
1	1	0.0999371731415476
1	1	0.17342529032488618
1	1	0.15003860949256398
1	1	0.08613616576506589
1	1	0.07343840040658844
1	1	0.08164123748921848
1	1	0.08467651980575408
1	1	0.07008967857771042
1	1	0.08010786446100704
1	0	0.9301680678234311
1	1	0.08394363508948177
1	1	0.07224479962758079
1	1	0.09492884958824355
1	1	0.09612985158746856
1	1	0.18984691294735156
1	1	0.12199698634472189
1	0	0.8464168381053064
1	1	0.07631832054618304
1	1	0.12091741017507118
1	1	0.09988537627503002
1	1	0.07239926447710232
1	1	0.07409254705034563
1	1	0.07247737325509285
1	1	0.1346517374231494
1	1	0.07993032651218435
1	1	0.10600090046396893
1	0	0.8644966857192716
1	1	0.10545024836549177
1	1	0.140544601552129
1	1	0.2047663825025986
1	1	0.1189664500690274
0	0	0.835695024965437
1	1	0.12074835954666308
1	1	0.08783334567939294
1	1	0.49687889191264234
1	0	0.8280416351732149
1	1	0.4629109811279275
1	1	0.17992324058489895
1	1	0.13302271327344917
1	1	0.08940740945574965
1	1	0.11951703706699857
1	1	0.22851566098010556
1	1	0.08316852019582543
1	1	0.07791441963431867
1	1	0.1122122213800405
1	0	0.5525372600988647
1	1	0.10591263472134704
1	1	0.09403269636017775
1	1	0.09192994782724273
1	1	0.07551076757220554
1	1	0.14140536783789093
1	1	0.08538080125694147
1	1	0.10224191134353633
1	1	0.07943524254002832
1	1	0.09450800291281092
1	1	0.083309810659834
1	1	0.4684916823682862
1	1	0.36818080213993
1	1	0.08346817104955284
1	1	0.11217497950023803
1	1	0.09538350434071985
1	1	0.07593983933968507
1	1	0.075822896730522
1	1	0.07101060348336563
1	1	0.11453936335812587
1	1	0.11348230945669313
1	1	0.2466850507843994
1	1	0.06964035835324989
1	1	0.08062307403726943
1	1	0.09620478282119715
1	1	0.09208060553342257
1	0	0.7065968567118706
1	1	0.07271248799343344
1	1	0.0762200606834551
1	1	0.1630507634998416
1	1	0.10637004618554402
1	1	0.20062311727292959
1	1	0.12125070699896878
1	1	0.12355461345078178
1	1	0.07166426815593618
1	1	0.10258618726985713
1	1	0.08221058661670921
1	1	0.16444267880655228
1	1	0.14805670047856356
1	1	0.07997419215693036
1	1	0.13705834140976436
1	1	0.08508560970799317
1	1	0.09494302637428664
1	1	0.16006718831840372
1	1	0.0845016202435972
1	1	0.11980807805478899
1	1	0.08170128252078246
1	1	0.17736971647508248
1	1	0.10648181014155411
1	1	0.0870841845079271
1	1	0.19128520900466384
1	1	0.29547976856992475
1	1	0.08778125501586542
1	1	0.12629693263810382
1	0	0.6934672277763789
1	1	0.07320932297626093
1	1	0.11452436408342603
1	1	0.07194860471446818
1	1	0.08505804435789333
1	1	0.1929169856567169
1	1	0.10016106371621103
1	1	0.07376215616319115
1	1	0.11759863258978742
1	1	0.07445710460022636
1	1	0.07481885175000669
1	1	0.07671681346037185
1	1	0.0765845962910442
1	1	0.12088417600809165
1	1	0.07221028591539114
1	1	0.08046353744510526
1	1	0.09913108728471531
1	1	0.07512700206824274
1	1	0.087274894851597
1	1	0.13882692021669785
1	1	0.07774817970882208
1	1	0.07990241716385771
1	1	0.08154286008758593
1	1	0.11382520316708111
1	1	0.08510653234599297
1	1	0.1042169721414069
1	1	0.08189681193966813
1	1	0.06983440664080454
1	1	0.08230602041194024
1	1	0.07407149489096954
1	1	0.13227265356506512
1	0	0.7820259447934076
1	0	0.921779006945586
1	1	0.09767971492638461
1	1	0.07257528333268337
1	1	0.08259604390574693
1	1	0.32009811072510574
1	1	0.0685811516167385
1	1	0.12232977179626014
1	1	0.3118266150658838
1	1	0.08331817421527665
1	1	0.08525543239412103
1	1	0.23188610179405
1	1	0.07849423025622271
1	1	0.07548769135544398
1	1	0.07432884083731284
1	1	0.07396410384769025
1	0	0.6551882328257208
1	1	0.40795446067099395
1	1	0.1523421146775935
1	1	0.2588913695473334
1	1	0.07778290312370406
1	1	0.1682426482848387
1	1	0.12031799050350689
1	1	0.07616695375055671
1	1	0.08293933073665682
1	1	0.16982464188476187
1	1	0.25005542671695213
1	0	0.7020153962297226
1	1	0.18301118753797607
1	1	0.08266309946368167
1	1	0.09861997553870316
1	1	0.14715449183615237
1	1	0.07522916035799876
1	1	0.1904242582306972
1	1	0.07504592615834338
1	1	0.08015740296380569
1	1	0.07559989832201719
0	0	0.9115585781434977
1	1	0.11222133923287858
1	1	0.49151666688099305
1	1	0.22980346562417753
1	0	0.6707862625838967
1	0	0.9426535607627121
1	1	0.31745484446011374
1	1	0.10824785698731176
1	1	0.09058754600475316
1	1	0.12358008002530951
1	1	0.08010477146359563
1	1	0.09380971368202773
1	1	0.10304647223125096
1	1	0.07196461124729692
1	1	0.07249956354209786
1	1	0.36994741911002094
1	1	0.18706591986218957
1	1	0.08867977329488264
1	1	0.07725411697900819
1	1	0.14128672421968358
1	1	0.1666862453498189
1	1	0.14834532852473903
1	1	0.09021405490606593
1	1	0.12292110285359503
1	1	0.07790068584858423
1	1	0.28119170749409783
1	1	0.1243497890904941
1	1	0.0747467255523836
1	1	0.07039753935202775
1	1	0.07667827315193887
1	1	0.29910170513243384
1	1	0.07601600651083018
1	1	0.07474832931831166
1	1	0.47847794151940704
1	0	0.5039522346727084
1	1	0.17465145097179757
1	0	0.9308392472065606
1	1	0.16418160267915793
1	1	0.09696352978487277
1	1	0.09060763862435706
1	1	0.12630725760131756
1	0	0.9753266461158376
1	1	0.10149654368308836
1	1	0.14000685577126404
1	1	0.398936723879484
1	1	0.10706831366103631
1	1	0.13258467413491126
1	1	0.0849286046216372
1	1	0.09177085060489876
1	1	0.15952393705535406
1	1	0.19563828569087682
1	1	0.09132115785197359
1	0	0.9785839406746963
1	1	0.2679979810528167
0	1	0.15182116463204332
0	0	0.6511151180230237
1	1	0.17454945962510426
1	0	0.6274308903070357
1	1	0.23389627274019176
1	1	0.10232513207399918
1	1	0.10232404372339488
1	1	0.2009278340376096
1	1	0.09854967169321249
1	1	0.10929725919026145
1	0	0.7435540078338094
1	1	0.11270720638935006
1	1	0.3762409752908824
1	1	0.18632998619453855
1	1	0.323518893081559
1	1	0.09752485016815149
1	0	0.7963313291774371
1	1	0.11680891954738903
1	1	0.2064052406736071
1	0	0.9737248989624919
1	0	0.5294690354412618
1	1	0.08316713365031847
1	0	0.965242699198033
1	1	0.4007079250607436
1	1	0.1430151752441341
1	1	0.3040847385998645
1	0	0.7541971215315512
1	0	0.9829361231483241
1	0	0.9539500259225674
1	1	0.13689220429071958
1	0	0.9816632864674331
1	1	0.13549869373650514
1	1	0.22980536944823504
1	0	0.6417136457408364
1	0	0.7809243533807899
1	1	0.275700613036037
1	0	0.5617122535595989
1	1	0.3171353685529634
1	0	0.9757645119615098
1	1	0.41579160851731445
1	1	0.0801869007170618
1	1	0.19005563746650722
1	1	0.1823163330622577
1	1	0.14657107488983045
1	1	0.11074877448571674
1	1	0.0802068902231785
1	1	0.11922790366378444
1	1	0.10474787103760164
1	1	0.11488709053047352
1	1	0.09409478291955498
1	1	0.18396358333681184
1	1	0.08002482853613668
1	1	0.1044018388234298
1	1	0.10170428933616515
1	1	0.07582580830837282
1	1	0.08023040937973047
1	1	0.08566653143165792
1	1	0.11345772996375281
1	1	0.11160219048708075
1	1	0.10127253506790668
1	1	0.07955285160605718
1	1	0.3673258166069808
1	1	0.12027295602792465
1	1	0.12738756900462633
1	1	0.09699543956414791
1	1	0.09032415265338689
1	1	0.09848638688052369
1	1	0.09605112199792121
1	1	0.14930130964431154
1	1	0.1674690893690567
1	0	0.6524608805758665
1	0	0.6380473584244388
1	0	0.6102298491634655
1	1	0.14760649189553932
1	1	0.17766594730418173
1	1	0.10669672402456576
1	1	0.22420797387590063
0	0	0.9811917669726038
1	0	0.5599178556896431
1	1	0.17352446614421846
1	1	0.08510099046708408
1	1	0.20519958672522898
0	0	0.9063636001674737
1	0	0.9832236416639394
1	0	0.9596138565433403
1	0	0.9476591302602227
1	1	0.3983486809927437
1	0	0.6982362227408958
1	1	0.1345330152723564
1	1	0.08521799821688492
1	1	0.08438923220629924
1	1	0.07019573303224957
1	1	0.18876580017666345
1	1	0.168795683491061
1	1	0.08202067141286029
1	1	0.10950361694311161
1	1	0.07695819757894418
1	1	0.16260734086440332
1	1	0.08830822961562557
1	1	0.07306922443529595
1	1	0.07095439224374167
1	1	0.13169701234359343
1	1	0.13301433933413764
1	1	0.09293538013184288
1	1	0.09140393833620719
1	1	0.14550706621696208
1	0	0.7646257883243006
1	0	0.8047353232177543
1	1	0.34338488510305465
1	1	0.2585614462933712
1	1	0.07819050441127451
1	1	0.09971952855064181
1	1	0.3192431541156012
1	1	0.1267414351103272
1	1	0.09557182713193602
1	1	0.22856728992538233
1	1	0.4546366931493777
1	1	0.08888004265250304
1	1	0.08750397186289594
1	0	0.9215944231876535
1	0	0.6353027503539177
1	1	0.197318018043387
1	1	0.09542545596383956
1	1	0.25562464247201255
1	1	0.07834529092805165
1	1	0.0888468964691499
1	1	0.08257926921647207
1	1	0.27598101067202596
1	1	0.17961923721779616
0	0	0.9832162000217035
1	1	0.08227030512888245
1	1	0.11051741015045069
1	1	0.13462405304897918
1	0	0.98054824076498
0	0	0.9791934683373048
1	0	0.5537620883449602
1	0	0.9428767158274893
1	0	0.7915159322161871
1	1	0.2613577344899968
1	1	0.1875267336926707
1	1	0.13181900971842064
1	1	0.20857290423444896
1	1	0.15689676742143244
1	0	0.5742824096495728
1	1	0.2988578061745153
1	0	0.958683518109903
1	1	0.22767209301447489
1	0	0.692978396583489
1	1	0.3288341530002207
1	1	0.3809508346105749
1	1	0.27111609052684826
1	1	0.12021103025627222
1	1	0.23664422418005837
1	1	0.20339535032095535
1	1	0.12324063285837572
1	1	0.18020007791851067
1	1	0.3724609629700447
1	0	0.8907983982333179
1	1	0.3622825174573525
1	1	0.4505350687215086
1	1	0.32631490401913965
1	1	0.13437288220900112
1	1	0.3381563819888277
1	1	0.4741519043312441
1	0	0.93337074719715
1	1	0.12204291826889813
1	1	0.1561139738379128
1	1	0.41556326190443826
1	1	0.1572599724033813
1	1	0.13373750063417056
1	0	0.5317900272661371
1	1	0.3166206281222067
1	0	0.8987301677282284
1	1	0.15719216507068656
1	1	0.09384667048628204
1	1	0.1151933092029147
1	1	0.09512913474287088
1	1	0.0713111691206032
0	0	0.9784233293921522
1	1	0.21130995015506093
1	1	0.11605564247415778
1	1	0.3184293981651586
1	1	0.09163305890606566
1	1	0.08099958495833337
1	1	0.12119890991995841
1	1	0.07508059041576165
1	0	0.8918062536609926
1	1	0.30880794108451104
1	1	0.269548002306801
1	1	0.08046656997131829
1	1	0.09367644223294902
1	0	0.8609185439251713
1	1	0.07736688124273783
1	1	0.08651949394587533
1	1	0.07557752370688597
1	1	0.07389025000267124
1	0	0.8197042273534373
1	0	0.7511746438820687
1	1	0.07720720458184083
1	1	0.08918643449105723
1	1	0.07744491919659946
1	1	0.11842646065567419
1	1	0.08537037021706484
1	1	0.07999665755270957
1	1	0.1422712068100197
1	1	0.08939238456783616
1	1	0.12643028596739425
1	1	0.07479320055753325
1	1	0.0977275970393423
1	0	0.815654970903331
1	0	0.7005745265044245
1	0	0.7457036352677711
1	1	0.07169996870123196
1	1	0.11889680483632714
1	1	0.14289408990469743
1	0	0.904663937441023
0	0	0.9619806872406217
1	1	0.08944308078845875
1	1	0.07315929757315454
1	1	0.1940649774116101
1	1	0.1742612301359523
1	1	0.08603833996536858
1	1	0.07690594308658194
1	1	0.130623794068346
0	0	0.9051087837370277
1	0	0.5348230017559015
1	1	0.39123157114562424
1	1	0.2592340359650045
1	1	0.18030598609122261
1	1	0.37812168532655266
1	1	0.17543108681032693
1	1	0.18074919024340907
1	0	0.5568184805362959
1	1	0.0918945817824699
0	0	0.8741261335821738
1	0	0.8800252153242537
1	1	0.08699740902409281
1	1	0.08241162228034715
1	1	0.11046340754818929
1	1	0.09895871944747592
1	1	0.13023631291294113
1	1	0.08059711286362292
1	1	0.07965673819501318
1	1	0.07388637387439634
1	1	0.0719927144291529
1	1	0.07235467410257168
1	1	0.07626289288146448
1	1	0.09602555115242273
1	1	0.08838799559042221
1	0	0.9358337605413485
1	0	0.5129943278757546
1	1	0.0771918312600991
1	1	0.08611987259923348
1	1	0.07049400228715952
1	1	0.07268702630909929
1	1	0.07867589396725239
1	1	0.07266940503630537
1	1	0.13478431180168804
1	1	0.07452457310570293
1	1	0.07741268541347202
1	0	0.8648662954329311
1	1	0.07924181090084659
1	1	0.07585421404312398
1	1	0.07987388851986776
1	1	0.08181793765152201
1	1	0.106283428658425
1	1	0.10335560828190182
1	1	0.16251019169664083
1	0	0.5560083972337012
1	0	0.8017837224883582
0	0	0.9690205096972114
1	0	0.7920282372469689
1	0	0.9689042805539482
1	0	0.9607002379415132
1	1	0.08418329304058503
1	1	0.08183457457130217
1	1	0.10495826083817017
1	1	0.0790682072178619
1	1	0.07987688961155781
1	1	0.07610964479921867
1	1	0.07413622787405993
1	1	0.08813106780619295
1	1	0.07714072150569473
1	1	0.21929082607338757
1	1	0.07655629812822773
1	1	0.07812273411574278
1	1	0.07193646556992328
1	1	0.08633824771009957
1	1	0.06939930884454615
1	1	0.08154633766164077
1	1	0.09589729972593553
1	1	0.09243171737278122
1	1	0.09383139475709323
1	1	0.07892302751258573
1	1	0.08910726805208746
1	1	0.07656766244468471
1	1	0.07874092063161309
1	1	0.07020091443148191
1	1	0.0852131276870115
1	1	0.07657422160262195
1	1	0.24358139910832755
1	1	0.06931196572100407
1	1	0.07211717233258352
1	1	0.07623296602544805
1	1	0.07047072172179625
1	1	0.08263987856135568
1	1	0.0891130004338404
1	1	0.10081873645238948
1	1	0.0863799335412474
1	1	0.0857095507004173
1	1	0.0783765657706238
1	1	0.07742587620890085
1	1	0.09241963374665563
1	1	0.07723178262004382
1	1	0.07967333449854119
1	1	0.08990921855103295
1	1	0.17136567072172926
1	0	0.9706207059819829
1	1	0.08103519314178886
1	1	0.07073169925099954
1	1	0.075605538123101
1	0	0.8844815862333052
1	1	0.07970089675692071
1	1	0.09192029713222538
1	1	0.07110896736970962
1	1	0.07516052885239055
1	1	0.07051208896747041
1	1	0.06874154959828938
1	1	0.07307090603130162
1	1	0.07479257834647979
1	1	0.08314851102234244
1	1	0.07757247134173773
1	1	0.08089815050303717
1	1	0.0720790638232307
1	1	0.07358524590217053
1	1	0.08107414118265477
1	1	0.07831961906971141
1	1	0.07549960665256095
1	1	0.07187762239746831
1	1	0.07226874267887784
1	1	0.47053949018286356
1	0	0.6454024242956661
1	1	0.074295812086695
1	1	0.0878716639888939
1	1	0.07872571346050872
1	1	0.07666517938671613
1	1	0.08009417591572277
1	1	0.07807361765537801
1	0	0.9833088083601437
1	1	0.07397663972366608
1	1	0.07660376677248149
1	1	0.15566083167888078
1	1	0.07265816068795428
1	1	0.07355275472418332
1	1	0.07951362583245958
1	1	0.07322682940675707
1	1	0.143664149483551
1	1	0.10169056821789402
1	1	0.06928429793487612
1	1	0.06763218061492449
1	1	0.08073328042750538
1	1	0.07728786246012309
1	1	0.0765164990896664
1	1	0.08397359364674661
1	1	0.07048703338426254
1	1	0.25076889003372893
1	1	0.08730290415018782
1	1	0.11653861087265793
1	1	0.0731128038767559
1	1	0.08261021185681328
1	1	0.07571484684976448
1	1	0.07006201009806368
1	1	0.07383005279491339
1	1	0.07259165891441877
1	0	0.5707768208322235
1	1	0.12313968246978879
1	1	0.4992972806490523
1	1	0.07455713929980934
1	1	0.08060160647883174
1	1	0.12049682360408376
1	0	0.7969910581224541
1	1	0.07718271120702103
1	1	0.07810902888440263
1	1	0.08474260999419791
1	1	0.08043554755864968
1	1	0.0729738639518861
1	0	0.6269468523469148
1	1	0.07580097788343121
1	1	0.07354813014481976
1	1	0.07965639397017221
1	1	0.08147304870801897
1	1	0.08442240576946691
1	1	0.08644022785758276
1	1	0.09316013464304496
1	1	0.08532050844406247
1	1	0.07247047651225413
1	1	0.07556335202341002
1	1	0.07921544906297151
1	1	0.09160956293884903
1	1	0.07230599133829319
1	1	0.07638856650301296
1	1	0.07851464478876624
1	1	0.07192452879433942
1	1	0.07064787252873383
1	1	0.09014707625959906
1	1	0.07821374479276744
1	1	0.0740064072409724
1	1	0.07227097226095747
1	1	0.07540752149571317
1	1	0.09528652258219095
1	1	0.08668036548588665
1	1	0.09187571489144664
1	0	0.8743413408177315
1	1	0.18032705443757513
1	1	0.13805889930895843
1	1	0.0860231489978509
1	1	0.07155035868890658
1	1	0.06899810141164575
1	1	0.0897564677138567
1	1	0.07925597559821707
1	1	0.08155159577777937
1	1	0.0745555417413658
1	1	0.07286572107856448
1	0	0.7447033920715125
1	1	0.07607985390078276
1	1	0.07167458177301023
1	1	0.07351413682645047
1	1	0.07812741490685837
1	1	0.07533058573856677
1	1	0.07607276231704152
1	1	0.07011176363190119
1	1	0.0783846887124362
1	1	0.07542559230758616
1	1	0.08508652153481533
1	1	0.0795202553306279
1	1	0.09732609626898603
1	1	0.07842563082386356
1	1	0.07501868659381727
1	1	0.07299191542649064
1	1	0.07243649502059069
1	1	0.0750585454425865
1	1	0.06969960866752567
1	1	0.07782073232864295
1	1	0.07047404664077217
1	1	0.07168629106012103
1	1	0.06964282716359405
1	1	0.08400242479956432
1	1	0.08460378465661644
1	1	0.11000697930583858
1	1	0.08401581150771698
1	1	0.07747238816301028
1	1	0.0753205432300097
1	0	0.8639040040029424
1	1	0.21724429945927415
1	1	0.10754058237994424
1	1	0.129786336362689
1	1	0.08129595017166824
1	1	0.12061971647075642
1	1	0.09540240666933064
1	1	0.09424983277827625
1	1	0.12621614701661554
1	1	0.07991719069935921
1	1	0.14329156261534215
1	1	0.08901978656211718
1	1	0.08210361767133212
1	1	0.09946952800093112
1	1	0.07335478631236947
1	1	0.21325653704288017
1	1	0.07892703050024985
1	1	0.07632841925249845
1	1	0.08534528626379934
1	1	0.0825804377109387
1	1	0.10907994214707983
1	1	0.08040288563508258
1	1	0.143697493577424
1	1	0.08165451157484105
1	1	0.0783310625362883
1	1	0.13229207763816797
1	0	0.691862733230584
1	0	0.7965417792530775
1	1	0.07315551969456835
1	1	0.07900092964245364
1	1	0.08335949737932269
1	1	0.07511178747428982
1	1	0.08320248114907425
1	1	0.08365170680493872
0	0	0.9712863967253462
1	0	0.9131037154303626
1	1	0.07404902302074778
1	1	0.08292768499770531
1	1	0.0889541492297583
1	1	0.10096965317745321
1	1	0.07047422799115755
1	1	0.07271112374708288
1	1	0.08918155477546308
1	1	0.07590717760856946
1	1	0.07153411518074837
1	1	0.07573529820200398
1	1	0.08590205662339867
1	0	0.7573149807177056
1	1	0.07966344381115065
1	1	0.06782901335815128
1	1	0.09222508143686037
1	1	0.08277189515150951
1	1	0.3666905305237067
1	0	0.5215319360196801
1	1	0.40590284230058393
1	1	0.2689667035068245
1	1	0.2168202413620549
1	1	0.42693960716278345
1	1	0.17870480247788045
1	1	0.12354401989714947
1	1	0.17499087047726358
1	1	0.22818220266473832
1	1	0.28664077289608925
1	1	0.4411901092670295
1	0	0.5041711244788454
1	1	0.2350433750926466
1	1	0.3176591198442893
1	1	0.41705125817583233
1	0	0.9553842880725566
0	0	0.9830357469032632
1	0	0.9802251829836824
1	1	0.16302595903313777
1	1	0.12845209283404357
1	1	0.14380106064144293
1	0	0.6208957630842685
1	1	0.10870624632621806
1	1	0.10886086003673723
1	0	0.8642068153757062
1	1	0.19124153029073399
1	0	0.6801150614210223
1	1	0.1044121923962037
1	0	0.794949951085712
1	1	0.20828196286627287
1	0	0.7006213338293883
1	0	0.5979415667954096
0	0	0.9835349351195539
1	1	0.1509794675490459
1	0	0.6028785400093883
1	1	0.14696796977377435
1	1	0.16937120784919946
1	1	0.1418799994341362
1	1	0.1964022621588548
1	1	0.32906208786326485
1	1	0.364024408756881
1	1	0.17304201276488484
1	1	0.11135521447332386
1	1	0.08321477598608662
1	1	0.12227994917299179
1	1	0.14409118626013806
1	1	0.07477547252315786
1	1	0.07593464940506311
1	1	0.09397630992553196
1	1	0.1235896501348388
1	1	0.0935183103588485
1	1	0.1750246828700639
1	1	0.10094037565591063
1	1	0.07474447104117055
1	1	0.07006469595093712
1	1	0.07654218747317787
1	1	0.08018129559370613
1	1	0.1767624135579995
1	1	0.07623550257542766
1	1	0.1225483207149427
1	1	0.11555945094475994
1	1	0.13103648709766424
1	0	0.8590890997557618
1	0	0.8754003681046487
1	1	0.19367610113655842
1	1	0.08267681167837282
1	1	0.07514413865413716
1	1	0.08676680535198178
1	1	0.1817766756548197
1	1	0.07369464054810027
1	1	0.08393345772911698
1	1	0.08756859336039557
1	0	0.818883791406603
1	1	0.1337974071175292
1	1	0.10454183889568847
1	1	0.08668691707242993
1	1	0.10987167316967117
1	1	0.07856115777640582
1	1	0.0786838106981238
1	1	0.06860804633503359
1	1	0.08229375100974956
1	1	0.093540576077902
1	1	0.11861110440405065
1	0	0.6456049279094866
1	0	0.9181219540419188
1	1	0.08158404175724121
1	1	0.08567845891079506
1	1	0.08500107124942724
1	1	0.0772776610770316
1	1	0.1201152128546219
1	1	0.07503391809528037
1	1	0.1171417259312535
1	1	0.07372402674091072
1	1	0.08041245178040668
1	1	0.07418687260871348
1	1	0.07205310617321536
1	1	0.07774617333184752
1	1	0.07470253074903976
1	1	0.07604420206758755
1	1	0.07822389908131033
1	1	0.07897805671964919
1	1	0.08571804803693417
1	1	0.07534046259687133
1	1	0.07883030776770583
1	1	0.08883775666996085
1	1	0.08102960807846216
1	1	0.07155313694140997
1	1	0.06891208229345569
1	1	0.09129589677963412
1	1	0.15167570864699298
1	1	0.0844289635370401
1	1	0.09039808167420671
1	1	0.09714943312431079
1	1	0.09712420593862137
1	1	0.08345162323762267
1	1	0.08062185371284569
1	1	0.09202664994128029
1	0	0.7905634542498581
1	1	0.07701209508974438
1	1	0.0745678415153862
1	1	0.0736999525071852
1	1	0.07245300763132823
1	1	0.07119016650256849
1	1	0.3679424561925374
1	1	0.10215618518309555
1	1	0.12467397352023868
1	1	0.11542438216358941
1	1	0.07871500985368196
1	1	0.3801514561670132
1	1	0.4749312129856438
1	1	0.2294344207291632
1	1	0.1358562690967754
1	1	0.18831042897090766
1	1	0.08866639242350238
1	1	0.151061813529888
1	1	0.14430226509312505
1	1	0.08890964176362015
1	1	0.09220966347606652
1	1	0.2933649221265482
1	1	0.08763072823095919
1	0	0.9521887125265905
1	0	0.8267328465178425
1	0	0.7652863245811752
1	0	0.5090230805106837
1	1	0.4339761555690418
1	1	0.20752883995078975
1	0	0.9095841585271459
1	0	0.9812636507407542
1	0	0.6826647227466245
1	0	0.9673279743772014
1	1	0.07202862025266665
1	1	0.10763429098267774
1	1	0.09774840866956347
1	1	0.12630244737674312
1	1	0.08062473553101501
0	0	0.9796141473765357
1	1	0.09341991094361268
1	1	0.09695853639999463
1	1	0.08369429624356617
1	1	0.07171246806195097
1	1	0.06985755552957607
1	1	0.15751840650076399
1	1	0.20838831993748985
1	0	0.7214654355858567
1	1	0.12292589190835279
1	1	0.2527862528686048
1	1	0.1077488368642161
1	0	0.6892832043579633
1	1	0.42350624629078926
1	1	0.14617340892339137
1	1	0.27186621898200614
1	1	0.20650131665465132
1	1	0.2687200045666659
1	1	0.4231106150064805
1	1	0.3195225583114316
1	0	0.8826851441204884
1	1	0.15919909862825232
1	1	0.27607252122966175
1	1	0.37617500272053983
1	0	0.800584379809603
1	1	0.42728458679152226
1	0	0.7641147635896436
0	0	0.9832999781688856
1	1	0.21308875105496838
1	0	0.5700870755871063
1	0	0.7216880002578865
1	0	0.9807222544028972
1	0	0.7604220343245061
1	1	0.49040993000544464
1	0	0.5305441889867938
1	0	0.7730916805000334
1	1	0.25545417556279704
1	0	0.6365301367723517
1	1	0.2137886562900615
1	1	0.10175714734645513
1	1	0.1193669965240779
1	1	0.4233336390804885
1	1	0.1920555903459359
1	1	0.09525717380019849
1	1	0.14170194515933476
1	1	0.1266963092008151
1	1	0.16299822401591668
1	1	0.10100419562818197
1	1	0.1610795275429996
1	1	0.43905301566990473
1	1	0.26526281231587834
1	1	0.09631697919204973
1	1	0.17605480107964944
1	1	0.09212185992234123
1	1	0.08054446809386229
1	1	0.14123600175558282
1	1	0.18915262152308077
1	0	0.5998527900485
1	1	0.28237776711405627
1	1	0.2026889452324041
1	1	0.16382193403599732
1	0	0.5621720964338497
1	1	0.2542285645031065
1	0	0.6416069691611659
1	0	0.8446806077575599
1	1	0.13287595955638154
1	1	0.2582704352048687
1	1	0.3434905288353438
1	1	0.14890973169649235
1	1	0.0861492433574843
1	1	0.20966382904343328
1	1	0.1406352111988738
1	1	0.2882632339064617
1	0	0.8503902157692476
1	1	0.3648796431073019
1	1	0.14705543833385826
1	1	0.3199999767709112
1	1	0.3112425000796363
1	1	0.09023986261847894
1	1	0.1559904734581652
1	0	0.5874054734895758
1	0	0.7935079159486973
1	1	0.26791144501584574
1	1	0.1431314994725894
1	1	0.10414655917518212
1	1	0.08228995251210014
1	1	0.09205622368508437
1	1	0.14293189137670592
1	1	0.11332068426455577
0	0	0.9615479868860279
1	1	0.22968445732989484
1	0	0.8160920547366302
1	1	0.11221994948796421
1	0	0.7417285041550615
1	1	0.1516671898195321
1	0	0.9745015891882335
1	0	0.9722984032031118
1	0	0.7990287856495122
1	1	0.3133135933843618
1	1	0.23901638769238331
1	0	0.9677115103076374
1	1	0.3518345139388478
1	1	0.2850704260917577
1	1	0.2534000821444965
1	1	0.1065361346032685
1	0	0.6811495206770917
0	0	0.9820374150440014
1	0	0.9196003329907595
1	0	0.9803557641422798
1	1	0.2730097043816514
1	1	0.4851848417213538
1	0	0.9789730417156801
1	0	0.7978496858825261
1	1	0.47900907863652
1	0	0.6894515212357005
1	0	0.9708574577381106
1	0	0.8878345687008857
1	0	0.8728308149036721
1	0	0.983278092595678
1	0	0.9818893607281737
1	0	0.9007232318184103
1	0	0.6458728470232032
1	0	0.9256039674439323
1	1	0.4490990500646209
1	1	0.24905262098603898
1	1	0.38739463705701105
1	0	0.8014969373212706
1	0	0.5774425278580944
1	1	0.4683587358364195
1	1	0.49311778703463227
1	0	0.5128185637643567
1	0	0.7769334121317492
1	1	0.16083788365806584
1	1	0.2020706138285534
1	1	0.2554844102041217
1	1	0.11666313742067513
1	1	0.08030450945934287
1	1	0.15877778853205193
1	1	0.13866568918658706
1	1	0.1294829062377335
1	1	0.43695753367243007
1	1	0.14283356734230468
1	1	0.11696156819362846
1	0	0.5070446234322556
1	1	0.06666327909277403
1	1	0.24581340444080568
1	1	0.07237746057102434
1	1	0.08322444075098678
1	1	0.08298688600702264
1	1	0.09226619636803168
1	1	0.1841318947637388
1	1	0.07942678444363205
1	1	0.07047571061171598
1	1	0.09309183738017379
1	1	0.1079227012317544
1	1	0.08585383374400102
1	1	0.07074046464288952
1	1	0.09498275264103939
1	1	0.07230756372930947
1	1	0.06841178537725257
1	1	0.0835634131056131
1	1	0.06773908522532268
1	1	0.07215796369051819
1	1	0.17386534427435807
1	1	0.08742212102101266
1	1	0.1074090878766083
1	1	0.07845196406321597
1	1	0.07194522180957019
1	1	0.08393409510893968
1	0	0.637735404001464
1	1	0.1912907484087627
1	1	0.08983030599915354
1	0	0.8433339896183598
1	1	0.09845248099191861
1	1	0.18362621848480432
1	1	0.11627815570382016
1	1	0.2555156608558329
1	1	0.098910638140708
1	1	0.13745038813181487
1	1	0.07894538416417962
1	1	0.07232002961302342
1	1	0.2638344182455973
1	1	0.126840404760574
1	0	0.6128408911890671
1	1	0.18718731748063355
1	1	0.13395157762978815
1	1	0.14234609660395658
1	1	0.23260376795005344
1	0	0.832806739652461
1	1	0.12092792436412936
1	1	0.08593837410684202
1	1	0.07563510089168934
1	1	0.07185913501984964
1	1	0.09498245070122535
1	1	0.0866523203507692
1	1	0.09093501848626684
1	1	0.08271790885021069
1	1	0.08445930937604185
1	1	0.08282633666278294
1	1	0.1113349407096037
1	1	0.0856936411151128
1	1	0.07348554200269497
1	1	0.11038322775432885
1	1	0.11500257960037608
1	1	0.13234320160415314
1	1	0.13272398678583885
1	1	0.08719652982160497
1	1	0.09425616676414816
1	1	0.0856074382390748
1	1	0.07039345158383359
1	1	0.08026135103601173
1	1	0.0702884098301787
1	1	0.0852933431048083
1	1	0.07910802468912892
1	1	0.08479912951897983
1	1	0.08820634654488146
1	1	0.08735902027685549
1	1	0.07967048932205822
1	1	0.07626105440885311
1	1	0.0786325497209327
1	1	0.10269142789483698
1	1	0.09768832968965879
1	1	0.09565117447921623
1	1	0.06972465426344832
1	1	0.10165910576609072
1	1	0.10152204090109695
1	1	0.09330636982279661
1	1	0.19060200274191208
1	1	0.25799539376054303
1	1	0.09042912829423666
1	1	0.2072798975915655
1	0	0.9552721850855882
1	1	0.10982994285350345
1	1	0.07577041565294951
1	0	0.6915825984811448
1	1	0.13182319983158464
1	1	0.2571859826796755
1	1	0.09444648036540026
1	1	0.080162815998021
1	1	0.07272342344433846
1	1	0.08962609299202384
1	1	0.15236702591614548
1	1	0.3118515130120936
1	1	0.11520715044072449
1	1	0.09511968243279001
1	1	0.12626932616406905
1	1	0.09513965370763189
1	1	0.08363066188455848
1	1	0.07059830801592593
1	1	0.2660395581614923
1	1	0.07470187921975391
1	1	0.07865190124933064
1	1	0.07185306897692434
1	1	0.08132514146415759
1	1	0.07853821405417405
1	1	0.08160127527150363
1	0	0.8740207710399123
1	1	0.07595698955205255
1	1	0.13237659302693128
1	1	0.0892737283932783
1	1	0.29795219784704174
1	1	0.11530059616124366
1	1	0.07769036040934718
1	0	0.5745241641345682
1	1	0.4238941229307146
1	1	0.18276619794164595
1	1	0.2529500095442845
1	1	0.0888326665836563
1	1	0.21064530634952527
1	1	0.08223915284507932
1	1	0.13993875505455222
1	1	0.09001236420950842
1	1	0.10365262795441965
1	1	0.11892052683939536
1	1	0.09407540953688964
1	1	0.08252391928009095
1	1	0.07115799148938362
1	1	0.07885401253592217
1	1	0.08204727836772896
1	1	0.42047013824316937
1	1	0.10414022836699532
1	1	0.07594574068104354
1	1	0.08248211357949542
1	1	0.07649587596109142
1	1	0.09676944175952251
1	0	0.5087787998903377
1	1	0.06974930025438164
1	1	0.07110733735744845
1	1	0.07553491333949536
1	1	0.09863692539460889
1	1	0.17524445039608438
1	1	0.10304052463372293
1	1	0.16577550224932558
1	0	0.7118869406387123
1	1	0.18491733809309374
1	1	0.08909469926739921
1	1	0.07819724822102525
1	1	0.07852385261928174
1	1	0.07598803892700523
1	1	0.07859180755789152
1	1	0.08394262783379913
1	1	0.07556880557913681
1	1	0.07026255825291094
1	1	0.13237983247010665
1	1	0.10178307578523138
1	1	0.07869653231495832
1	1	0.07690885953096238
1	1	0.07918006055016158
1	1	0.07805145247306844
1	1	0.08410239379237539
1	1	0.07587172010816545
1	1	0.0778038004636773
1	1	0.08474528909087908
1	1	0.08317854422562532
1	1	0.28782585815803985
1	1	0.09004282203489888
1	1	0.07485268400182865
1	1	0.08647545648100474
1	1	0.07939208001140297
1	1	0.07631462200090566
1	1	0.07808449247896132
1	1	0.07684081611329119
1	1	0.0827003273516852
1	1	0.07763721751031472
1	1	0.06788715994324401
1	1	0.0736709089119626
1	1	0.0831637667030769
1	1	0.08382970889185015
1	1	0.06720502200801082
1	1	0.08052164360612057
1	1	0.10649394153264757
1	0	0.5372158832098081
0	0	0.9834036430111838
1	0	0.9459400402251344
1	1	0.10611385601777579
1	1	0.13302788985698322
1	1	0.0849328092128091
1	1	0.0935635552043641
1	1	0.09837779583653616
0	1	0.11322770582789865
0	1	0.10661472730016652
1	1	0.08734517807869491
1	1	0.06860100555596282
1	1	0.14599840455304092
1	1	0.3026578079674117
1	1	0.09663627795166918
1	1	0.13518134172104457
1	1	0.07815862143843466
1	1	0.1386028438453124
1	1	0.12093146579271508
1	1	0.1183448440168553
1	1	0.13206080052362434
1	1	0.14033122676883014
1	1	0.21792836856723363
1	1	0.07606720304710768
1	1	0.07252562795718098
1	1	0.0780342660235277
1	1	0.07520404918723245
1	1	0.08174372356243287
1	1	0.07765571474722743
1	1	0.0716981590411514
1	1	0.07391104444683061
1	1	0.07889837552837842
1	1	0.07928599486154386
1	1	0.07658234705924305
1	1	0.07468486291900112
1	1	0.06897413976134115
1	1	0.0807922932515408
1	1	0.09663183127470953
1	1	0.1004613962053903
1	1	0.08544295629097542
1	1	0.09689795059942019
1	1	0.12876813853062563
1	1	0.09453135597360629
1	1	0.08761135560001543
1	1	0.08227725152793919
1	0	0.9764947033767037
1	0	0.9440295630007821
1	1	0.10637173383112919
1	0	0.9185327566941646
1	1	0.1379218974055335
1	0	0.6750463442803145
1	1	0.3776687270692364
1	1	0.14172205908385838
1	0	0.5712575598912465
1	1	0.11404797585071558
1	0	0.8085339782721334
1	0	0.7412233742481987
1	1	0.1757858935382136
1	1	0.12288049476415974
1	1	0.12556864194743367
1	0	0.8353582209657401
1	0	0.7800248842580578
1	1	0.21783102199677706
1	1	0.2689480134530723
1	0	0.8850858842962832
1	1	0.35181427754619776
1	1	0.1333455284456201
1	1	0.28450019479518696
1	1	0.24210190702500312
1	1	0.12396564479158478
1	1	0.10405075068362113
1	1	0.11337420501664375
1	1	0.10563807988016516
1	1	0.23930971053408756
1	1	0.10282121666071398
1	0	0.8241076654709757
1	1	0.10627767307138947
1	1	0.21445502154165585
1	1	0.3424162590647233
0	0	0.9815868923377018
1	1	0.09637609387267987
1	1	0.1530569121492945
1	1	0.12250495089218294
1	1	0.19810597141876796
1	1	0.11524494557055587
1	1	0.12659153917300603
1	1	0.1770907193600031
1	0	0.6885621441764125
1	1	0.44200748574579984
1	1	0.08921543407264265
1	1	0.09581536583374706
1	1	0.10713910397446347
1	1	0.22868783503210655
1	1	0.10088775962000074
1	1	0.20311183668391108
1	1	0.1164354070560698
1	1	0.2787035683870852
1	1	0.1689577924898169
1	1	0.14844149151106356
1	1	0.16445442116929598
1	0	0.9141917471798722
1	1	0.11892042621558352
1	1	0.10480997806185632
1	1	0.24191233091976738
1	1	0.22146353710770383
1	1	0.09466857588448152
1	1	0.15113231005890393
1	1	0.13840657174992965
1	0	0.8449658115644187
1	0	0.6334091598482565
1	1	0.12245489335348336
1	0	0.892818886978926
1	0	0.9290491009096982
1	1	0.2514723635973063
1	1	0.1317153060802071
1	1	0.12697297937282315
1	1	0.09294110023922098
1	1	0.1322210621047546
1	1	0.16915642970285616
1	0	0.7535724293198675
1	1	0.13550657517957554
1	1	0.0829316617182051
1	1	0.11076683459284153
1	1	0.14043712547939513
1	1	0.18031848223407487
1	1	0.22124706969930996
1	1	0.10977371189334384
1	1	0.11365185278011436
1	1	0.13589592697519748
1	1	0.2533192643853178
1	1	0.11442780217031645
1	1	0.14353902825510156
1	1	0.11995854621570379
1	1	0.1540113397446996
1	1	0.1323581044558515
1	1	0.12613945436530494
1	1	0.13674823460081253
1	1	0.11371375725286126
1	1	0.2963974488804324
1	1	0.20455637007465777
1	1	0.13582227587954776
1	1	0.20263465412598913
1	1	0.15432349754155217
1	1	0.2463402096851114
1	1	0.09703407559232846
1	1	0.15149090602834725
1	1	0.24548201787389679
1	1	0.12506198130093638
1	1	0.10377630864750409
1	1	0.1272979622866629
1	1	0.11979164166834944
1	1	0.11077459039655324
1	1	0.10531046085335782
1	1	0.1092454478247945
1	1	0.1157805704130288
1	1	0.19425848634339848
1	1	0.09697252099256537
1	1	0.18242893273555916
1	1	0.15710074790922235
1	1	0.11804626786910377
1	1	0.10594749374532364
1	1	0.12480159457462114
1	1	0.343986992118648
1	1	0.098778218163457
1	1	0.14058914235188635
1	1	0.14240452638116852
1	1	0.09463122938269664
1	1	0.09345890689472225
1	1	0.11488596432687459
1	1	0.10239029561858959
1	1	0.13645482616948135
1	0	0.9809795501919002
1	1	0.3677175567772323
1	1	0.10246297986321218
1	1	0.11383949714920105
1	1	0.09929035549821785
1	1	0.09784001216609883
1	1	0.09951777189309685
1	1	0.11412414151857786
1	1	0.11233952715613915
1	1	0.08627111492684925
1	1	0.29230347793795997
1	0	0.582024576420316
1	1	0.3654224105694649
1	1	0.12542640786411108
1	1	0.086527981519536
1	1	0.18369348380663253
1	1	0.14130595118849187
1	1	0.101710361894354
1	1	0.10093482930868691
1	1	0.10455644048445234
1	1	0.10211761727540569
1	1	0.24575705196863218
1	1	0.11623525796176803
1	1	0.2970681270303648
1	1	0.10775413146220103
1	1	0.2379324544651028
1	1	0.12369575277645173
1	1	0.45157612078344167
1	0	0.6124779976679217
1	1	0.12154231977724494
1	1	0.15486715128427675
1	1	0.38922224791757454
1	1	0.2763328503539687
1	1	0.17965368185052333
0	0	0.9799317247132084
1	1	0.1088345011713393
1	1	0.087904073692471
1	1	0.10280798851080764
1	1	0.26255580807818124
1	1	0.15627394154058172
1	0	0.8613379556844043
1	1	0.17535374964856365
1	1	0.1559253268904297
1	1	0.13670334345891955
1	1	0.2157790479423667
1	0	0.6939712225730086
1	1	0.1803473267264808
1	1	0.2822736631086148
1	1	0.09054582202127104
1	1	0.15383073634545585
1	1	0.09301499191996221
1	1	0.1005195933948746
1	1	0.1723976333799181
1	1	0.4661783126950325
1	1	0.11109682746185634
1	0	0.8648044116823645
1	1	0.08957762162970417
1	1	0.11837302586473286
1	1	0.0802247104583853
1	1	0.0752471176838605
1	1	0.11827410949502193
1	1	0.11659983676342067
1	1	0.19392118566754224
1	1	0.15369587366451565
1	1	0.07444051625989745
1	1	0.07968898845421024
1	1	0.0788997253567344
1	1	0.4697838859520048
1	1	0.1962382075684046
1	1	0.3039843635752769
0	0	0.9693272061375626
1	1	0.2034944498829636
1	1	0.4026423348362598
1	0	0.9763874687266705
1	1	0.28597339541871714
1	0	0.5726951935320814
1	0	0.8869169563443074
1	1	0.0927050011852828
1	1	0.09485602952653405
1	1	0.1891410345762663
1	1	0.2054905419140317
1	1	0.20485381162881722
1	1	0.16814401755718633
1	1	0.10659423228753984
1	1	0.0938521261379045
1	1	0.1571325264169573
1	0	0.826770256324712
1	1	0.08803317004097777
1	1	0.46548647890758776
1	1	0.11535726954628112
1	1	0.09152278554071791
1	1	0.08730535122282113
1	1	0.1095163941128866
1	1	0.12928606405117415
1	1	0.11624282780858641
1	1	0.12130484888583526
1	1	0.21614797334868918
1	0	0.9754754498130844
