precisions	recalls
0.019170753455193937	1.0
0.01873327386262266	0.9767441860465116
0.018741633199464525	0.9767441860465116
0.01875	0.9767441860465116
0.018758374274229567	0.9767441860465116
0.01876675603217158	0.9767441860465116
0.018775145283862316	0.9767441860465116
0.018783542039355994	0.9767441860465116
0.01879194630872483	0.9767441860465116
0.018800358102059087	0.9767441860465116
0.018808777429467086	0.9767441860465116
0.01881720430107527	0.9767441860465116
0.01882563872702824	0.9767441860465116
0.01883408071748879	0.9767441860465116
0.018842530282637954	0.9767441860465116
0.018850987432675045	0.9767441860465116
0.018859452177817693	0.9767441860465116
0.018867924528301886	0.9767441860465116
0.01887640449438202	0.9767441860465116
0.018884892086330936	0.9767441860465116
0.018893387314439947	0.9767441860465116
0.018901890189018902	0.9767441860465116
0.01891040072039622	0.9767441860465116
0.01891891891891892	0.9767441860465116
0.01892744479495268	0.9767441860465116
0.018935978358881875	0.9767441860465116
0.018944519621109608	0.9767441860465116
0.01895306859205776	0.9767441860465116
0.018961625282167043	0.9767441860465116
0.018970189701897018	0.9767441860465116
0.018978761861726163	0.9767441860465116
0.0189873417721519	0.9767441860465116
0.018995929443690638	0.9767441860465116
0.019004524886877826	0.9767441860465116
0.019013128112267994	0.9767441860465116
0.019021739130434784	0.9767441860465116
0.019030357951971	0.9767441860465116
0.019038984587488667	0.9767441860465116
0.01904761904761905	0.9767441860465116
0.019056261343012703	0.9767441860465116
0.019064911484339538	0.9767441860465116
0.01907356948228883	0.9767441860465116
0.019082235347569285	0.9767441860465116
0.019090909090909092	0.9767441860465116
0.019099590723055934	0.9767441860465116
0.01910828025477707	0.9767441860465116
0.019116977696859355	0.9767441860465116
0.01912568306010929	0.9767441860465116
0.019134396355353075	0.9767441860465116
0.019143117593436645	0.9767441860465116
0.019151846785225718	0.9767441860465116
0.01916058394160584	0.9767441860465116
0.019169329073482427	0.9767441860465116
0.019178082191780823	0.9767441860465116
0.019186843307446324	0.9767441860465116
0.019195612431444242	0.9767441860465116
0.019204389574759947	0.9767441860465116
0.0192131747483989	0.9767441860465116
0.019221967963386728	0.9767441860465116
0.019230769230769232	0.9767441860465116
0.01923957856161246	0.9767441860465116
0.01924839596700275	0.9767441860465116
0.01925722145804677	0.9767441860465116
0.01926605504587156	0.9767441860465116
0.019274896741624598	0.9767441860465116
0.01928374655647383	0.9767441860465116
0.01929260450160772	0.9767441860465116
0.019301470588235295	0.9767441860465116
0.019310344827586208	0.9767441860465116
0.019319227230910764	0.9767441860465116
0.019328117809479982	0.9767441860465116
0.019337016574585635	0.9767441860465116
0.019345923537540305	0.9767441860465116
0.01935483870967742	0.9767441860465116
0.019363762102351315	0.9767441860465116
0.01937269372693727	0.9767441860465116
0.019381633594831565	0.9767441860465116
0.019390581717451522	0.9767441860465116
0.019399538106235566	0.9767441860465116
0.019408502772643253	0.9767441860465116
0.019417475728155338	0.9767441860465116
0.01942645698427382	0.9767441860465116
0.01943544655252198	0.9767441860465116
0.019444444444444445	0.9767441860465116
0.019453450671607225	0.9767441860465116
0.019462465245597776	0.9767441860465116
0.019471488178025034	0.9767441860465116
0.01948051948051948	0.9767441860465116
0.01948955916473318	0.9767441860465116
0.019498607242339833	0.9767441860465116
0.019507663725034836	0.9767441860465116
0.019516728624535316	0.9767441860465116
0.019525801952580194	0.9767441860465116
0.01953488372093023	0.9767441860465116
0.019543973941368076	0.9767441860465116
0.019553072625698324	0.9767441860465116
0.019562179785747556	0.9767441860465116
0.0195712954333644	0.9767441860465116
0.019580419580419582	0.9767441860465116
0.01958955223880597	0.9767441860465116
0.01959869342043864	0.9767441860465116
0.0196078431372549	0.9767441860465116
0.019617001401214387	0.9767441860465116
0.019626168224299065	0.9767441860465116
0.019635343618513323	0.9767441860465116
0.019644527595884004	0.9767441860465116
0.019653720168460457	0.9767441860465116
0.019662921348314606	0.9767441860465116
0.019672131147540985	0.9767441860465116
0.019681349578256794	0.9767441860465116
0.01969057665260197	0.9767441860465116
0.019699812382739212	0.9767441860465116
0.019709056780854058	0.9767441860465116
0.01971830985915493	0.9767441860465116
0.01972757162987318	0.9767441860465116
0.019736842105263157	0.9767441860465116
0.019746121297602257	0.9767441860465116
0.01975540921919097	0.9767441860465116
0.01976470588235294	0.9767441860465116
0.01977401129943503	0.9767441860465116
0.019783325482807347	0.9767441860465116
0.019792648444863337	0.9767441860465116
0.019801980198019802	0.9767441860465116
0.01981132075471698	0.9767441860465116
0.019820670127418595	0.9767441860465116
0.019830028328611898	0.9767441860465116
0.01983939537080775	0.9767441860465116
0.01984877126654064	0.9767441860465116
0.019858156028368795	0.9767441860465116
0.019867549668874173	0.9767441860465116
0.019876952200662566	0.9767441860465116
0.019886363636363636	0.9767441860465116
0.01989578398863098	0.9767441860465116
0.01990521327014218	0.9767441860465116
0.01991465149359886	0.9767441860465116
0.019924098671726755	0.9767441860465116
0.019933554817275746	0.9767441860465116
0.019943019943019943	0.9767441860465116
0.019952494061757718	0.9767441860465116
0.019961977186311788	0.9767441860465116
0.019971469329529243	0.9767441860465116
0.019980970504281638	0.9767441860465116
0.019990480723465015	0.9767441860465116
0.02	0.9767441860465116
0.020009528346831826	0.9767441860465116
0.02001906577693041	0.9767441860465116
0.020028612303290415	0.9767441860465116
0.020038167938931296	0.9767441860465116
0.020047732696897375	0.9767441860465116
0.02005730659025788	0.9767441860465116
0.020066889632107024	0.9767441860465116
0.020076481835564052	0.9767441860465116
0.020086083213773313	0.9767441860465116
0.020095693779904306	0.9767441860465116
0.020105313547151747	0.9767441860465116
0.020114942528735632	0.9767441860465116
0.020124580737901295	0.9767441860465116
0.020134228187919462	0.9767441860465116
0.02014388489208633	0.9767441860465116
0.02015355086372361	0.9767441860465116
0.020163226116178587	0.9767441860465116
0.020172910662824207	0.9767441860465116
0.020182604517059107	0.9767441860465116
0.020192307692307693	0.9767441860465116
0.020202020202020204	0.9767441860465116
0.02021174205967276	0.9767441860465116
0.020221473278767454	0.9767441860465116
0.02023121387283237	0.9767441860465116
0.020240963855421686	0.9767441860465116
0.020250723240115717	0.9767441860465116
0.020260492040520984	0.9767441860465116
0.02027027027027027	0.9767441860465116
0.020280057943022695	0.9767441860465116
0.020289855072463767	0.9767441860465116
0.02029966167230546	0.9767441860465116
0.020309477756286266	0.9767441860465116
0.020319303338171262	0.9767441860465116
0.02032913843175218	0.9767441860465116
0.020338983050847456	0.9767441860465116
0.020348837209302327	0.9767441860465116
0.02035870092098885	0.9767441860465116
0.020368574199806012	0.9767441860465116
0.020378457059679767	0.9767441860465116
0.020388349514563107	0.9767441860465116
0.020398251578436135	0.9767441860465116
0.02040816326530612	0.9767441860465116
0.020418084589207585	0.9767441860465116
0.020428015564202335	0.9767441860465116
0.020437956204379562	0.9767441860465116
0.02044790652385589	0.9767441860465116
0.020457866536775452	0.9767441860465116
0.02046783625730994	0.9767441860465116
0.020477815699658702	0.9767441860465116
0.02048780487804878	0.9767441860465116
0.020497803806734993	0.9767441860465116
0.0205078125	0.9767441860465116
0.02051783097215437	0.9767441860465116
0.020527859237536656	0.9767441860465116
0.020537897310513448	0.9767441860465116
0.02054794520547945	0.9767441860465116
0.020558002936857563	0.9767441860465116
0.02056807051909892	0.9767441860465116
0.020578147966683	0.9767441860465116
0.020588235294117647	0.9767441860465116
0.020598332515939184	0.9767441860465116
0.020608439646712464	0.9767441860465116
0.020618556701030927	0.9767441860465116
0.0206286836935167	0.9767441860465116
0.020638820638820637	0.9767441860465116
0.02064896755162242	0.9767441860465116
0.020659124446630595	0.9767441860465116
0.02066929133858268	0.9767441860465116
0.0206794682422452	0.9767441860465116
0.020689655172413793	0.9767441860465116
0.020699852143913258	0.9767441860465116
0.020710059171597635	0.9767441860465116
0.020720276270350273	0.9767441860465116
0.02073050345508391	0.9767441860465116
0.02074074074074074	0.9767441860465116
0.020750988142292492	0.9767441860465116
0.020761245674740483	0.9767441860465116
0.020771513353115726	0.9767441860465116
0.02078179119247897	0.9767441860465116
0.020792079207920793	0.9767441860465116
0.020802377414561663	0.9767441860465116
0.02081268582755203	0.9767441860465116
0.020823004462072386	0.9767441860465116
0.020833333333333332	0.9767441860465116
0.020843672456575684	0.9767441860465116
0.020854021847070508	0.9767441860465116
0.020864381520119227	0.9767441860465116
0.020874751491053677	0.9767441860465116
0.0208851317752362	0.9767441860465116
0.020895522388059702	0.9767441860465116
0.020905923344947737	0.9767441860465116
0.02091633466135458	0.9767441860465116
0.02092675635276532	0.9767441860465116
0.020937188434695914	0.9767441860465116
0.020947630922693267	0.9767441860465116
0.020958083832335328	0.9767441860465116
0.020968547179231155	0.9767441860465116
0.02097902097902098	0.9767441860465116
0.020989505247376312	0.9767441860465116
0.021	0.9767441860465116
0.021010505252626314	0.9767441860465116
0.021021021021021023	0.9767441860465116
0.02103154732098147	0.9767441860465116
0.021042084168336674	0.9767441860465116
0.021052631578947368	0.9767441860465116
0.02106318956870612	0.9767441860465116
0.021073758153537382	0.9767441860465116
0.02108433734939759	0.9767441860465116
0.02109492717227524	0.9767441860465116
0.021105527638190954	0.9767441860465116
0.021116138763197588	0.9767441860465116
0.02112676056338028	0.9767441860465116
0.021137393054856568	0.9767441860465116
0.021148036253776436	0.9767441860465116
0.02115869017632242	0.9767441860465116
0.021169354838709676	0.9767441860465116
0.02118003025718608	0.9767441860465116
0.02119071644803229	0.9767441860465116
0.02120141342756184	0.9767441860465116
0.021212121212121213	0.9767441860465116
0.021222839818089943	0.9767441860465116
0.021233569261880688	0.9767441860465116
0.021244309559939303	0.9767441860465116
0.02125506072874494	0.9767441860465116
0.021265822784810127	0.9767441860465116
0.02127659574468085	0.9767441860465116
0.021287379624936646	0.9767441860465116
0.02129817444219067	0.9767441860465116
0.0213089802130898	0.9767441860465116
0.02131979695431472	0.9767441860465116
0.02133062468257999	0.9767441860465116
0.021341463414634148	0.9767441860465116
0.021352313167259787	0.9767441860465116
0.021363173957273652	0.9767441860465116
0.021374045801526718	0.9767441860465116
0.021384928716904276	0.9767441860465116
0.021395822720326033	0.9767441860465116
0.021406727828746176	0.9767441860465116
0.021417644059153494	0.9767441860465116
0.02142857142857143	0.9767441860465116
0.021439509954058193	0.9767441860465116
0.021450459652706845	0.9767441860465116
0.021461420541645376	0.9767441860465116
0.02147239263803681	0.9767441860465116
0.021483375959079284	0.9767441860465116
0.021494370522006142	0.9767441860465116
0.021505376344086023	0.9767441860465116
0.02151639344262295	0.9767441860465116
0.021527421834956432	0.9767441860465116
0.021538461538461538	0.9767441860465116
0.021549512570549	0.9767441860465116
0.021560574948665298	0.9767441860465116
0.02157164869029276	0.9767441860465116
0.02158273381294964	0.9767441860465116
0.021593830334190232	0.9767441860465116
0.021604938271604937	0.9767441860465116
0.02161605764282038	0.9767441860465116
0.021627188465499485	0.9767441860465116
0.021638330757341576	0.9767441860465116
0.021649484536082474	0.9767441860465116
0.021660649819494584	0.9767441860465116
0.021671826625386997	0.9767441860465116
0.021683014971605574	0.9767441860465116
0.02169421487603306	0.9767441860465116
0.021705426356589147	0.9767441860465116
0.02171664943123061	0.9767441860465116
0.02172788411795137	0.9767441860465116
0.021739130434782608	0.9767441860465116
0.021750388399792854	0.9767441860465116
0.021761658031088083	0.9767441860465116
0.02177293934681182	0.9767441860465116
0.021784232365145227	0.9767441860465116
0.021795537104307212	0.9767441860465116
0.021806853582554516	0.9767441860465116
0.02181818181818182	0.9767441860465116
0.02182952182952183	0.9767441860465116
0.0218408736349454	0.9767441860465116
0.021852237252861603	0.9767441860465116
0.021863612701717855	0.9767441860465116
0.021875	0.9767441860465116
0.021886399166232414	0.9767441860465116
0.021897810218978103	0.9767441860465116
0.02190923317683881	0.9767441860465116
0.021920668058455117	0.9767441860465116
0.02193211488250653	0.9767441860465116
0.0219435736677116	0.9767441860465116
0.02195504443282802	0.9767441860465116
0.021966527196652718	0.9767441860465116
0.02197802197802198	0.9767441860465116
0.02198952879581152	0.9767441860465116
0.022001047668936617	0.9767441860465116
0.0220125786163522	0.9767441860465116
0.02202412165705296	0.9767441860465116
0.022035676810073453	0.9767441860465116
0.02204724409448819	0.9767441860465116
0.022058823529411766	0.9767441860465116
0.02207041513399895	0.9767441860465116
0.022082018927444796	0.9767441860465116
0.022093634928984744	0.9767441860465116
0.022105263157894735	0.9767441860465116
0.022116903633491312	0.9767441860465116
0.022128556375131718	0.9767441860465116
0.02214022140221402	0.9767441860465116
0.022151898734177215	0.9767441860465116
0.02216358839050132	0.9767441860465116
0.022175290390707498	0.9767441860465116
0.022187004754358162	0.9767441860465116
0.022198731501057084	0.9767441860465116
0.0222104706504495	0.9767441860465116
0.022222222222222223	0.9767441860465116
0.02223398623610376	0.9767441860465116
0.022245762711864406	0.9767441860465116
0.022257551669316374	0.9767441860465116
0.022269353128313893	0.9767441860465116
0.022281167108753316	0.9767441860465116
0.022292993630573247	0.9767441860465116
0.022304832713754646	0.9767441860465116
0.022316684378320937	0.9767441860465116
0.022328548644338118	0.9767441860465116
0.022340425531914895	0.9767441860465116
0.022352315061202766	0.9767441860465116
0.022364217252396165	0.9767441860465116
0.022376132125732553	0.9767441860465116
0.022388059701492536	0.9767441860465116
0.0224	0.9767441860465116
0.022411953041622197	0.9767441860465116
0.022423918846769888	0.9767441860465116
0.022435897435897436	0.9767441860465116
0.02244788882950294	0.9767441860465116
0.022459893048128343	0.9767441860465116
0.02247191011235955	0.9767441860465116
0.022483940042826552	0.9767441860465116
0.022495982860203535	0.9767441860465116
0.022508038585209004	0.9767441860465116
0.022520107238605896	0.9767441860465116
0.022532188841201718	0.9767441860465116
0.02254428341384863	0.9767441860465116
0.022556390977443608	0.9767441860465116
0.022568511552928532	0.9767441860465116
0.02258064516129032	0.9767441860465116
0.022592791823561054	0.9767441860465116
0.022604951560818085	0.9767441860465116
0.022617124394184167	0.9767441860465116
0.022629310344827586	0.9767441860465116
0.022641509433962263	0.9767441860465116
0.022653721682847898	0.9767441860465116
0.02266594711279007	0.9767441860465116
0.02267818574514039	0.9767441860465116
0.022690437601296597	0.9767441860465116
0.022702702702702703	0.9767441860465116
0.022714981070849107	0.9767441860465116
0.022727272727272728	0.9767441860465116
0.02273957769355712	0.9767441860465116
0.02275189599133261	0.9767441860465116
0.022764227642276424	0.9767441860465116
0.0227765726681128	0.9767441860465116
0.02278893109061313	0.9767441860465116
0.02280130293159609	0.9767441860465116
0.022813688212927757	0.9767441860465116
0.02282608695652174	0.9767441860465116
0.022838499184339316	0.9767441860465116
0.022850924918389554	0.9767441860465116
0.02286336418072945	0.9767441860465116
0.02287581699346405	0.9767441860465116
0.022888283378746595	0.9767441860465116
0.022900763358778626	0.9767441860465116
0.022913256955810146	0.9767441860465116
0.02292576419213974	0.9767441860465116
0.022938285090114693	0.9767441860465116
0.022950819672131147	0.9767441860465116
0.022963367960634227	0.9767441860465116
0.022975929978118162	0.9767441860465116
0.022988505747126436	0.9767441860465116
0.023001095290251915	0.9767441860465116
0.023013698630136987	0.9767441860465116
0.023026315789473683	0.9767441860465116
0.02303894679100384	0.9767441860465116
0.02305159165751921	0.9767441860465116
0.023064250411861616	0.9767441860465116
0.023076923076923078	0.9767441860465116
0.02308960967564596	0.9767441860465116
0.0231023102310231	0.9767441860465116
0.023115024766097964	0.9767441860465116
0.023127753303964757	0.9767441860465116
0.023140495867768594	0.9767441860465116
0.023153252480705624	0.9767441860465116
0.023166023166023165	0.9767441860465116
0.023178807947019868	0.9767441860465116
0.02319160684704583	0.9767441860465116
0.023204419889502764	0.9767441860465116
0.02321724709784411	0.9767441860465116
0.023230088495575223	0.9767441860465116
0.02324294410625346	0.9767441860465116
0.023255813953488372	0.9767441860465116
0.02326869806094183	0.9767441860465116
0.02328159645232816	0.9767441860465116
0.02329450915141431	0.9767441860465116
0.023307436182019976	0.9767441860465116
0.023320377568017768	0.9767441860465116
0.023333333333333334	0.9767441860465116
0.023346303501945526	0.9767441860465116
0.02335928809788654	0.9767441860465116
0.02337228714524207	0.9767441860465116
0.02338530066815145	0.9767441860465116
0.0233983286908078	0.9767441860465116
0.023411371237458192	0.9767441860465116
0.023424428332403793	0.9767441860465116
0.0234375	0.9767441860465116
0.023450586264656615	0.9767441860465116
0.02346368715083799	0.9767441860465116
0.023476802683063163	0.9767441860465116
0.02348993288590604	0.9767441860465116
0.023503077783995522	0.9767441860465116
0.023516237402015677	0.9767441860465116
0.023529411764705882	0.9767441860465116
0.023542600896860985	0.9767441860465116
0.023555804823331465	0.9767441860465116
0.02356902356902357	0.9767441860465116
0.023582257158899493	0.9767441860465116
0.02359550561797753	0.9767441860465116
0.023608768971332208	0.9767441860465116
0.023622047244094488	0.9767441860465116
0.023635340461451885	0.9767441860465116
0.02364864864864865	0.9767441860465116
0.023661971830985916	0.9767441860465116
0.02367531003382187	0.9767441860465116
0.023688663282571912	0.9767441860465116
0.023702031602708805	0.9767441860465116
0.023715415019762844	0.9767441860465116
0.023728813559322035	0.9767441860465116
0.023742227247032222	0.9767441860465116
0.023755656108597284	0.9767441860465116
0.023769100169779286	0.9767441860465116
0.02378255945639864	0.9767441860465116
0.02379603399433428	0.9767441860465116
0.023809523809523808	0.9767441860465116
0.0238230289279637	0.9767441860465116
0.02383654937570942	0.9767441860465116
0.02385008517887564	0.9767441860465116
0.023863636363636365	0.9767441860465116
0.023877202956225127	0.9767441860465116
0.023890784982935155	0.9767441860465116
0.02390438247011952	0.9767441860465116
0.023917995444191344	0.9767441860465116
0.023931623931623933	0.9767441860465116
0.02394526795895097	0.9767441860465116
0.023958927552766685	0.9767441860465116
0.023972602739726026	0.9767441860465116
0.023986293546544833	0.9767441860465116
0.024	0.9767441860465116
0.024013722126929673	0.9767441860465116
0.02402745995423341	0.9767441860465116
0.024041213508872353	0.9767441860465116
0.024054982817869417	0.9767441860465116
0.024068767908309457	0.9767441860465116
0.02408256880733945	0.9767441860465116
0.024096385542168676	0.9767441860465116
0.024110218140068886	0.9767441860465116
0.024124066628374498	0.9767441860465116
0.02413793103448276	0.9767441860465116
0.024151811385853938	0.9767441860465116
0.024165707710011506	0.9767441860465116
0.024179620034542316	0.9767441860465116
0.024193548387096774	0.9767441860465116
0.02420749279538905	0.9767441860465116
0.02422145328719723	0.9767441860465116
0.024235429890363532	0.9767441860465116
0.02424942263279446	0.9767441860465116
0.024263431542461005	0.9767441860465116
0.024277456647398842	0.9767441860465116
0.024291497975708502	0.9767441860465116
0.024305555555555556	0.9767441860465116
0.024319629415170817	0.9767441860465116
0.02433371958285052	0.9767441860465116
0.02434782608695652	0.9767441860465116
0.024361948955916472	0.9767441860465116
0.024376088218224026	0.9767441860465116
0.024390243902439025	0.9767441860465116
0.02440441603718768	0.9767441860465116
0.02441860465116279	0.9767441860465116
0.02443280977312391	0.9767441860465116
0.024447031431897557	0.9767441860465116
0.0244612696563774	0.9767441860465116
0.024475524475524476	0.9767441860465116
0.024489795918367346	0.9767441860465116
0.024504084014002333	0.9767441860465116
0.024518388791593695	0.9767441860465116
0.02453271028037383	0.9767441860465116
0.024547048509643482	0.9767441860465116
0.02456140350877193	0.9767441860465116
0.024575775307197192	0.9767441860465116
0.02459016393442623	0.9767441860465116
0.02460456942003515	0.9767441860465116
0.0246189917936694	0.9767441860465116
0.02463343108504399	0.9767441860465116
0.02464788732394366	0.9767441860465116
0.024662360540223135	0.9767441860465116
0.024676850763807285	0.9767441860465116
0.024691358024691357	0.9767441860465116
0.024705882352941175	0.9767441860465116
0.024720423778693348	0.9767441860465116
0.024734982332155476	0.9767441860465116
0.024749558043606363	0.9767441860465116
0.024764150943396228	0.9767441860465116
0.024778761061946902	0.9767441860465116
0.024793388429752067	0.9767441860465116
0.024808033077377438	0.9767441860465116
0.024822695035460994	0.9767441860465116
0.024837374334713187	0.9767441860465116
0.02485207100591716	0.9767441860465116
0.02486678507992895	0.9767441860465116
0.024881516587677725	0.9767441860465116
0.024896265560165973	0.9767441860465116
0.02491103202846975	0.9767441860465116
0.024925816023738872	0.9767441860465116
0.02494061757719715	0.9767441860465116
0.024955436720142603	0.9767441860465116
0.02497027348394768	0.9767441860465116
0.024985127900059488	0.9767441860465116
0.025	0.9767441860465116
0.02501488981536629	0.9767441860465116
0.025029797377830752	0.9767441860465116
0.025044722719141325	0.9767441860465116
0.025059665871121718	0.9767441860465116
0.02507462686567164	0.9767441860465116
0.025089605734767026	0.9767441860465116
0.02510460251046025	0.9767441860465116
0.025119617224880382	0.9767441860465116
0.025134649910233394	0.9767441860465116
0.025149700598802394	0.9767441860465116
0.025164769322947873	0.9767441860465116
0.025179856115107913	0.9767441860465116
0.02519496100779844	0.9767441860465116
0.025210084033613446	0.9767441860465116
0.025225225225225224	0.9767441860465116
0.025240384615384616	0.9767441860465116
0.025255562236921228	0.9767441860465116
0.02527075812274368	0.9767441860465116
0.025285972305839857	0.9767441860465116
0.02530120481927711	0.9767441860465116
0.02531645569620253	0.9767441860465116
0.025331724969843185	0.9767441860465116
0.025347012673506336	0.9767441860465116
0.025362318840579712	0.9767441860465116
0.025377643504531724	0.9767441860465116
0.02539298669891173	0.9767441860465116
0.025408348457350273	0.9767441860465116
0.025423728813559324	0.9767441860465116
0.025439127801332527	0.9767441860465116
0.025454545454545455	0.9767441860465116
0.025469981807155852	0.9767441860465116
0.025485436893203883	0.9767441860465116
0.025500910746812388	0.9767441860465116
0.02551640340218712	0.9767441860465116
0.02553191489361702	0.9767441860465116
0.025547445255474453	0.9767441860465116
0.02556299452221546	0.9767441860465116
0.025578562728380026	0.9767441860465116
0.025594149908592323	0.9767441860465116
0.025609756097560974	0.9767441860465116
0.025625381330079317	0.9767441860465116
0.02564102564102564	0.9767441860465116
0.02565668906536347	0.9767441860465116
0.02567237163814181	0.9767441860465116
0.025688073394495414	0.9767441860465116
0.025703794369645042	0.9767441860465116
0.025719534598897736	0.9767441860465116
0.025735294117647058	0.9767441860465116
0.02575107296137339	0.9767441860465116
0.025766871165644172	0.9767441860465116
0.02578268876611418	0.9767441860465116
0.025798525798525797	0.9767441860465116
0.02581438229870928	0.9767441860465116
0.025830258302583026	0.9767441860465116
0.025846153846153845	0.9767441860465116
0.02586206896551724	0.9767441860465116
0.025878003696857672	0.9767441860465116
0.025893958076448828	0.9767441860465116
0.025909932140653916	0.9767441860465116
0.025925925925925925	0.9767441860465116
0.025941939468807906	0.9767441860465116
0.02595797280593325	0.9767441860465116
0.025974025974025976	0.9767441860465116
0.02599009900990099	0.9767441860465116
0.026006191950464396	0.9767441860465116
0.026022304832713755	0.9767441860465116
0.02541847489150651	0.9534883720930233
0.02543424317617866	0.9534883720930233
0.025450031036623216	0.9534883720930233
0.02546583850931677	0.9534883720930233
0.0254816656308266	0.9534883720930233
0.025497512437810944	0.9534883720930233
0.02551337896701929	0.9534883720930233
0.025529265255292654	0.9534883720930233
0.02554517133956386	0.9534883720930233
0.025561097256857856	0.9534883720930233
0.025577043044291953	0.9534883720930233
0.025593008739076155	0.9534883720930233
0.02560899437851343	0.9534883720930233
0.025625	0.9534883720930233
0.02564102564102564	0.9534883720930233
0.025657071339173967	0.9534883720930233
0.02567313713212273	0.9534883720930233
0.02568922305764411	0.9534883720930233
0.025705329153605017	0.9534883720930233
0.025721455457967377	0.9534883720930233
0.02573760200878845	0.9534883720930233
0.025753768844221106	0.9534883720930233
0.025769956002514142	0.9534883720930233
0.02578616352201258	0.9534883720930233
0.025802391441157962	0.9534883720930233
0.025818639798488665	0.9534883720930233
0.0258349086326402	0.9534883720930233
0.025851197982345524	0.9534883720930233
0.025867507886435333	0.9534883720930233
0.025883838383838384	0.9534883720930233
0.025900189513581806	0.9534883720930233
0.025916561314791402	0.9534883720930233
0.025932953826691967	0.9534883720930233
0.025949367088607594	0.9534883720930233
0.025965801139962	0.9534883720930233
0.025982256020278833	0.9534883720930233
0.02599873176918199	0.9534883720930233
0.02601522842639594	0.9534883720930233
0.02603174603174603	0.9534883720930233
0.026048284625158832	0.9534883720930233
0.026064844246662427	0.9534883720930233
0.02608142493638677	0.9534883720930233
0.026098026734563972	0.9534883720930233
0.026114649681528664	0.9534883720930233
0.026131293817718292	0.9534883720930233
0.02614795918367347	0.9534883720930233
0.02616464582003829	0.9534883720930233
0.026181353767560665	0.9534883720930233
0.02619808306709265	0.9534883720930233
0.026214833759590793	0.9534883720930233
0.026231605886116442	0.9534883720930233
0.026248399487836107	0.9534883720930233
0.02626521460602178	0.9534883720930233
0.026282051282051282	0.9534883720930233
0.026298909557408594	0.9534883720930233
0.02631578947368421	0.9534883720930233
0.026332691072575465	0.9534883720930233
0.02634961439588689	0.9534883720930233
0.026366559485530548	0.9534883720930233
0.026383526383526385	0.9534883720930233
0.026400515132002575	0.9534883720930233
0.026417525773195876	0.9534883720930233
0.026434558349451968	0.9534883720930233
0.026451612903225806	0.9534883720930233
0.02646868947708199	0.9534883720930233
0.02648578811369509	0.9534883720930233
0.026502908855850032	0.9534883720930233
0.02652005174644243	0.9534883720930233
0.026537216828478965	0.9534883720930233
0.02655440414507772	0.9534883720930233
0.026571613739468567	0.9534883720930233
0.026588845654993514	0.9534883720930233
0.026606099935107073	0.9534883720930233
0.026623376623376622	0.9534883720930233
0.02664067576348278	0.9534883720930233
0.026657997399219768	0.9534883720930233
0.026675341574495772	0.9534883720930233
0.026692708333333332	0.9534883720930233
0.026710097719869708	0.9534883720930233
0.026727509778357236	0.9534883720930233
0.02674494455316373	0.9534883720930233
0.026762402088772844	0.9534883720930233
0.026779882429784456	0.9534883720930233
0.02679738562091503	0.9534883720930233
0.026814911706998037	0.9534883720930233
0.026832460732984294	0.9534883720930233
0.026850032743942372	0.9534883720930233
0.026867627785058978	0.9534883720930233
0.026885245901639345	0.9534883720930233
0.02690288713910761	0.9534883720930233
0.026920551543007223	0.9534883720930233
0.026938239159001315	0.9534883720930233
0.02695595003287311	0.9534883720930233
0.026973684210526316	0.9534883720930233
0.026991441737985518	0.9534883720930233
0.027009222661396576	0.9534883720930233
0.02702702702702703	0.9534883720930233
0.02704485488126649	0.9534883720930233
0.02706270627062706	0.9534883720930233
0.027080581241743725	0.9534883720930233
0.027098479841374753	0.9534883720930233
0.027116402116402115	0.9534883720930233
0.027134348113831898	0.9534883720930233
0.026490066225165563	0.9302325581395349
0.026507620941020542	0.9302325581395349
0.026525198938992044	0.9302325581395349
0.026542800265428004	0.9302325581395349
0.02656042496679947	0.9302325581395349
0.026578073089700997	0.9302325581395349
0.026595744680851064	0.9302325581395349
0.02661343978709248	0.9302325581395349
0.02663115845539281	0.9302325581395349
0.02664890073284477	0.9302325581395349
0.02666666666666667	0.9302325581395349
0.0266844563042028	0.9302325581395349
0.0267022696929239	0.9302325581395349
0.026720106880427523	0.9302325581395349
0.026737967914438502	0.9302325581395349
0.026755852842809364	0.9302325581395349
0.02677376171352075	0.9302325581395349
0.02679169457468185	0.9302325581395349
0.02680965147453083	0.9302325581395349
0.02682763246143528	0.9302325581395349
0.026845637583892617	0.9302325581395349
0.026863666890530557	0.9302325581395349
0.026881720430107527	0.9302325581395349
0.026899798251513115	0.9302325581395349
0.026917900403768506	0.9302325581395349
0.026936026936026935	0.9302325581395349
0.026954177897574125	0.9302325581395349
0.026972353337828724	0.9302325581395349
0.02699055330634278	0.9302325581395349
0.02700877785280216	0.9302325581395349
0.02702702702702703	0.9302325581395349
0.027045300878972278	0.9302325581395349
0.02706359945872801	0.9302325581395349
0.027081922816519974	0.9302325581395349
0.02710027100271003	0.9302325581395349
0.02711864406779661	0.9302325581395349
0.027137042062415198	0.9302325581395349
0.027155465037338764	0.9302325581395349
0.02717391304347826	0.9302325581395349
0.027192386131883073	0.9302325581395349
0.027210884353741496	0.9302325581395349
0.02722940776038121	0.9302325581395349
0.027247956403269755	0.9302325581395349
0.027266530334014997	0.9302325581395349
0.027285129604365622	0.9302325581395349
0.027303754266211604	0.9302325581395349
0.0273224043715847	0.9302325581395349
0.02734107997265892	0.9302325581395349
0.027359781121751026	0.9302325581395349
0.02737850787132101	0.9302325581395349
0.0273972602739726	0.9302325581395349
0.027416038382453736	0.9302325581395349
0.027434842249657063	0.9302325581395349
0.027453671928620454	0.9302325581395349
0.027472527472527472	0.9302325581395349
0.027491408934707903	0.9302325581395349
0.027510316368638238	0.9302325581395349
0.02752924982794219	0.9302325581395349
0.027548209366391185	0.9302325581395349
0.027567195037904894	0.9302325581395349
0.027586206896551724	0.9302325581395349
0.027605244996549344	0.9302325581395349
0.027624309392265192	0.9302325581395349
0.027643400138217002	0.9302325581395349
0.027662517289073305	0.9302325581395349
0.02768166089965398	0.9302325581395349
0.027700831024930747	0.9302325581395349
0.02772002772002772	0.9302325581395349
0.027739251040221916	0.9302325581395349
0.027758501040943788	0.9302325581395349
0.027777777777777776	0.9302325581395349
0.02779708130646282	0.9302325581395349
0.027816411682892908	0.9302325581395349
0.027835768963117607	0.9302325581395349
0.027855153203342618	0.9302325581395349
0.027874564459930314	0.9302325581395349
0.02789400278940028	0.9302325581395349
0.027913468248429867	0.9302325581395349
0.027932960893854747	0.9302325581395349
0.027952480782669462	0.9302325581395349
0.027972027972027972	0.9302325581395349
0.02799160251924423	0.9302325581395349
0.028011204481792718	0.9302325581395349
0.02803083391730904	0.9302325581395349
0.028050490883590462	0.9302325581395349
0.028070175438596492	0.9302325581395349
0.028089887640449437	0.9302325581395349
0.028109627547434995	0.9302325581395349
0.02812939521800281	0.9302325581395349
0.028149190710767064	0.9302325581395349
0.028169014084507043	0.9302325581395349
0.028188865398167725	0.9302325581395349
0.028208744710860368	0.9302325581395349
0.028228652081863093	0.9302325581395349
0.02824858757062147	0.9302325581395349
0.028268551236749116	0.9302325581395349
0.028288543140028287	0.9302325581395349
0.028308563340410473	0.9302325581395349
0.028328611898016998	0.9302325581395349
0.028348688873139617	0.9302325581395349
0.028368794326241134	0.9302325581395349
0.028388928317955996	0.9302325581395349
0.028409090909090908	0.9302325581395349
0.028429282160625444	0.9302325581395349
0.02844950213371266	0.9302325581395349
0.028469750889679714	0.9302325581395349
0.02849002849002849	0.9302325581395349
0.02851033499643621	0.9302325581395349
0.028530670470756064	0.9302325581395349
0.028551034975017844	0.9302325581395349
0.02857142857142857	0.9302325581395349
0.028591851322373123	0.9302325581395349
0.02861230329041488	0.9302325581395349
0.02863278453829635	0.9302325581395349
0.02865329512893983	0.9302325581395349
0.02867383512544803	0.9302325581395349
0.028694404591104734	0.9302325581395349
0.028715003589375447	0.9302325581395349
0.028735632183908046	0.9302325581395349
0.02875629043853343	0.9302325581395349
0.02877697841726619	0.9302325581395349
0.028797696184305256	0.9302325581395349
0.02881844380403458	0.9302325581395349
0.02883922134102379	0.9302325581395349
0.02886002886002886	0.9302325581395349
0.02888086642599278	0.9302325581395349
0.028901734104046242	0.9302325581395349
0.028922631959508314	0.9302325581395349
0.02894356005788712	0.9302325581395349
0.02896451846488052	0.9302325581395349
0.028985507246376812	0.9302325581395349
0.029006526468455404	0.9302325581395349
0.02902757619738752	0.9302325581395349
0.029048656499636893	0.9302325581395349
0.029069767441860465	0.9302325581395349
0.02909090909090909	0.9302325581395349
0.02911208151382824	0.9302325581395349
0.029133284777858703	0.9302325581395349
0.029154518950437316	0.9302325581395349
0.029175784099197667	0.9302325581395349
0.029197080291970802	0.9302325581395349
0.029218407596785977	0.9302325581395349
0.029239766081871343	0.9302325581395349
0.029261155815654718	0.9302325581395349
0.029282576866764276	0.9302325581395349
0.029304029304029304	0.9302325581395349
0.02932551319648094	0.9302325581395349
0.029347028613352897	0.9302325581395349
0.02936857562408223	0.9302325581395349
0.029390154298310066	0.9302325581395349
0.029411764705882353	0.9302325581395349
0.029433406916850625	0.9302325581395349
0.029455081001472753	0.9302325581395349
0.029476787030213707	0.9302325581395349
0.029498525073746312	0.9302325581395349
0.02952029520295203	0.9302325581395349
0.029542097488921712	0.9302325581395349
0.029563932002956393	0.9302325581395349
0.029585798816568046	0.9302325581395349
0.029607698001480384	0.9302325581395349
0.02962962962962963	0.9302325581395349
0.029651593773165306	0.9302325581395349
0.02967359050445104	0.9302325581395349
0.02969561989606533	0.9302325581395349
0.029717682020802376	0.9302325581395349
0.02973977695167286	0.9302325581395349
0.02976190476190476	0.9302325581395349
0.029784065524944156	0.9302325581395349
0.029806259314456036	0.9302325581395349
0.02982848620432513	0.9302325581395349
0.029850746268656716	0.9302325581395349
0.029873039581777446	0.9302325581395349
0.029895366218236172	0.9302325581395349
0.029917726252804786	0.9302325581395349
0.029940119760479042	0.9302325581395349
0.0299625468164794	0.9302325581395349
0.029985007496251874	0.9302325581395349
0.030007501875468866	0.9302325581395349
0.03003003003003003	0.9302325581395349
0.03005259203606311	0.9302325581395349
0.03007518796992481	0.9302325581395349
0.030097817908201655	0.9302325581395349
0.030120481927710843	0.9302325581395349
0.03014318010550113	0.9302325581395349
0.030165912518853696	0.9302325581395349
0.03018867924528302	0.9302325581395349
0.030211480362537766	0.9302325581395349
0.030234315948601664	0.9302325581395349
0.030257186081694403	0.9302325581395349
0.03028009084027252	0.9302325581395349
0.030303030303030304	0.9302325581395349
0.030326004548900682	0.9302325581395349
0.030349013657056147	0.9302325581395349
0.030372057706909643	0.9302325581395349
0.030395136778115502	0.9302325581395349
0.030418250950570342	0.9302325581395349
0.030441400304414	0.9302325581395349
0.030464584920030464	0.9302325581395349
0.03048780487804878	0.9302325581395349
0.03051106025934401	0.9302325581395349
0.030534351145038167	0.9302325581395349
0.030557677616501147	0.9302325581395349
0.03058103975535168	0.9302325581395349
0.030604437643458302	0.9302325581395349
0.030627871362940276	0.9302325581395349
0.03065134099616858	0.9302325581395349
0.03067484662576687	0.9302325581395349
0.03069838833461243	0.9302325581395349
0.030721966205837174	0.9302325581395349
0.030745580322828592	0.9302325581395349
0.03076923076923077	0.9302325581395349
0.030792917628945343	0.9302325581395349
0.030816640986132512	0.9302325581395349
0.03084040092521203	0.9302325581395349
0.030864197530864196	0.9302325581395349
0.03088803088803089	0.9302325581395349
0.030911901081916538	0.9302325581395349
0.030935808197989172	0.9302325581395349
0.030959752321981424	0.9302325581395349
0.030983733539891558	0.9302325581395349
0.031007751937984496	0.9302325581395349
0.031031807602792862	0.9302325581395349
0.031055900621118012	0.9302325581395349
0.03108003108003108	0.9302325581395349
0.03110419906687403	0.9302325581395349
0.0311284046692607	0.9302325581395349
0.03115264797507788	0.9302325581395349
0.03117692907248636	0.9302325581395349
0.031201248049921998	0.9302325581395349
0.0312256049960968	0.9302325581395349
0.03125	0.9302325581395349
0.03127443315089914	0.9302325581395349
0.03129890453834116	0.9302325581395349
0.031323414252153486	0.9302325581395349
0.03134796238244514	0.9302325581395349
0.03137254901960784	0.9302325581395349
0.03139717425431711	0.9302325581395349
0.031421838177533384	0.9302325581395349
0.031446540880503145	0.9302325581395349
0.03147128245476003	0.9302325581395349
0.031496062992125984	0.9302325581395349
0.03152088258471237	0.9302325581395349
0.031545741324921134	0.9302325581395349
0.03157063930544594	0.9302325581395349
0.0315955766192733	0.9302325581395349
0.03162055335968379	0.9302325581395349
0.03164556962025317	0.9302325581395349
0.03167062549485352	0.9302325581395349
0.03169572107765452	0.9302325581395349
0.0317208564631245	0.9302325581395349
0.031746031746031744	0.9302325581395349
0.03177124702144559	0.9302325581395349
0.03179650238473768	0.9302325581395349
0.031821797931583136	0.9302325581395349
0.03184713375796178	0.9302325581395349
0.03187250996015936	0.9302325581395349
0.03189792663476874	0.9302325581395349
0.03192338387869114	0.9302325581395349
0.03194888178913738	0.9302325581395349
0.0319744204636291	0.9302325581395349
0.032	0.9302325581395349
0.032025620496397116	0.9302325581395349
0.03205128205128205	0.9302325581395349
0.03207698476343224	0.9302325581395349
0.03210272873194221	0.9302325581395349
0.0321285140562249	0.9302325581395349
0.03215434083601286	0.9302325581395349
0.032180209171359615	0.9302325581395349
0.0322061191626409	0.9302325581395349
0.032232070910556	0.9302325581395349
0.03225806451612903	0.9302325581395349
0.03228410008071025	0.9302325581395349
0.03231017770597738	0.9302325581395349
0.03233629749393695	0.9302325581395349
0.032362459546925564	0.9302325581395349
0.032388663967611336	0.9302325581395349
0.03241491085899514	0.9302325581395349
0.032441200324412	0.9302325581395349
0.032467532467532464	0.9302325581395349
0.03249390739236393	0.9302325581395349
0.032520325203252036	0.9302325581395349
0.03254678600488202	0.9302325581395349
0.03257328990228013	0.9302325581395349
0.032599837000814993	0.9302325581395349
0.03262642740619902	0.9302325581395349
0.0326530612244898	0.9302325581395349
0.032679738562091505	0.9302325581395349
0.032706459525756335	0.9302325581395349
0.03273322422258593	0.9302325581395349
0.03276003276003276	0.9302325581395349
0.03278688524590164	0.9302325581395349
0.03281378178835111	0.9302325581395349
0.03284072249589491	0.9302325581395349
0.03286770747740345	0.9302325581395349
0.03289473684210526	0.9302325581395349
0.03292181069958848	0.9302325581395349
0.032948929159802305	0.9302325581395349
0.03297609233305853	0.9302325581395349
0.033003300330033	0.9302325581395349
0.03303055326176713	0.9302325581395349
0.03305785123966942	0.9302325581395349
0.033085194375516956	0.9302325581395349
0.033112582781456956	0.9302325581395349
0.033140016570008285	0.9302325581395349
0.03316749585406302	0.9302325581395349
0.03319502074688797	0.9302325581395349
0.03322259136212625	0.9302325581395349
0.03325020781379884	0.9302325581395349
0.033277870216306155	0.9302325581395349
0.03330557868442964	0.9302325581395349
0.03333333333333333	0.9302325581395349
0.03336113427856547	0.9302325581395349
0.0333889816360601	0.9302325581395349
0.03341687552213868	0.9302325581395349
0.033444816053511704	0.9302325581395349
0.03347280334728033	0.9302325581395349
0.03350083752093802	0.9302325581395349
0.03352891869237217	0.9302325581395349
0.03355704697986577	0.9302325581395349
0.033585222502099076	0.9302325581395349
0.03361344537815126	0.9302325581395349
0.0336417157275021	0.9302325581395349
0.03367003367003367	0.9302325581395349
0.03369839932603201	0.9302325581395349
0.03372681281618887	0.9302325581395349
0.03375527426160337	0.9302325581395349
0.033783783783783786	0.9302325581395349
0.0338123415046492	0.9302325581395349
0.0338409475465313	0.9302325581395349
0.03386960203217612	0.9302325581395349
0.03389830508474576	0.9302325581395349
0.033927056827820185	0.9302325581395349
0.03395585738539898	0.9302325581395349
0.033984706881903144	0.9302325581395349
0.034013605442176874	0.9302325581395349
0.03404255319148936	0.9302325581395349
0.034071550255536626	0.9302325581395349
0.03410059676044331	0.9302325581395349
0.034129692832764506	0.9302325581395349
0.034158838599487616	0.9302325581395349
0.03418803418803419	0.9302325581395349
0.03421727972626176	0.9302325581395349
0.03424657534246575	0.9302325581395349
0.03427592116538132	0.9302325581395349
0.03430531732418525	0.9302325581395349
0.034334763948497854	0.9302325581395349
0.03436426116838488	0.9302325581395349
0.034393809114359415	0.9302325581395349
0.03442340791738382	0.9302325581395349
0.034453057708871665	0.9302325581395349
0.034482758620689655	0.9302325581395349
0.03451251078515962	0.9302325581395349
0.03454231433506045	0.9302325581395349
0.03457216940363008	0.9302325581395349
0.03460207612456748	0.9302325581395349
0.03463203463203463	0.9302325581395349
0.03466204506065858	0.9302325581395349
0.03469210754553339	0.9302325581395349
0.034722222222222224	0.9302325581395349
0.03475238922675934	0.9302325581395349
0.034782608695652174	0.9302325581395349
0.034812880765883375	0.9302325581395349
0.03484320557491289	0.9302325581395349
0.03487358326068003	0.9302325581395349
0.034904013961605584	0.9302325581395349
0.034934497816593885	0.9302325581395349
0.03496503496503497	0.9302325581395349
0.03499562554680665	0.9302325581395349
0.03502626970227671	0.9302325581395349
0.035056967572304996	0.9302325581395349
0.03508771929824561	0.9302325581395349
0.03511852502194908	0.9302325581395349
0.0351493848857645	0.9302325581395349
0.03518029903254178	0.9302325581395349
0.035211267605633804	0.9302325581395349
0.03524229074889868	0.9302325581395349
0.03527336860670194	0.9302325581395349
0.0353045013239188	0.9302325581395349
0.0353356890459364	0.9302325581395349
0.03536693191865606	0.9302325581395349
0.035398230088495575	0.9302325581395349
0.0354295837023915	0.9302325581395349
0.03546099290780142	0.9302325581395349
0.0354924578527063	0.9302325581395349
0.035523978685612786	0.9302325581395349
0.035555555555555556	0.9302325581395349
0.03558718861209965	0.9302325581395349
0.03561887800534283	0.9302325581395349
0.035650623885918005	0.9302325581395349
0.03568242640499554	0.9302325581395349
0.03571428571428571	0.9302325581395349
0.035746201966041107	0.9302325581395349
0.03577817531305903	0.9302325581395349
0.03581020590868397	0.9302325581395349
0.035842293906810034	0.9302325581395349
0.03587443946188341	0.9302325581395349
0.03590664272890485	0.9302325581395349
0.03593890386343217	0.9302325581395349
0.03597122302158273	0.9302325581395349
0.036003600360036005	0.9302325581395349
0.036036036036036036	0.9302325581395349
0.03606853020739405	0.9302325581395349
0.0351985559566787	0.9069767441860465
0.03523035230352303	0.9069767441860465
0.0352622061482821	0.9069767441860465
0.03529411764705882	0.9069767441860465
0.035326086956521736	0.9069767441860465
0.03535811423390753	0.9069767441860465
0.03539019963702359	0.9069767441860465
0.035422343324250684	0.9069767441860465
0.035454545454545454	0.9069767441860465
0.03548680618744313	0.9069767441860465
0.03551912568306011	0.9069767441860465
0.03555150410209663	0.9069767441860465
0.035583941605839414	0.9069767441860465
0.03561643835616438	0.9069767441860465
0.0356489945155393	0.9069767441860465
0.035681610247026534	0.9069767441860465
0.03571428571428571	0.9069767441860465
0.035747021081576534	0.9069767441860465
0.03577981651376147	0.9069767441860465
0.03581267217630854	0.9069767441860465
0.035845588235294115	0.9069767441860465
0.035878564857405704	0.9069767441860465
0.03591160220994475	0.9069767441860465
0.035944700460829496	0.9069767441860465
0.035977859778597784	0.9069767441860465
0.036011080332409975	0.9069767441860465
0.036044362292051754	0.9069767441860465
0.036077705827937095	0.9069767441860465
0.03611111111111111	0.9069767441860465
0.03614457831325301	0.9069767441860465
0.036178107606679034	0.9069767441860465
0.036211699164345405	0.9069767441860465
0.0362453531598513	0.9069767441860465
0.03627906976744186	0.9069767441860465
0.036312849162011177	0.9069767441860465
0.036346691519105315	0.9069767441860465
0.036380597014925374	0.9069767441860465
0.036414565826330535	0.9069767441860465
0.03644859813084112	0.9069767441860465
0.03648269410664172	0.9069767441860465
0.03651685393258427	0.9069767441860465
0.03655107778819119	0.9069767441860465
0.036585365853658534	0.9069767441860465
0.036619718309859155	0.9069767441860465
0.03665413533834586	0.9069767441860465
0.036688617121354655	0.9069767441860465
0.03672316384180791	0.9069767441860465
0.036757775683317624	0.9069767441860465
0.03679245283018868	0.9069767441860465
0.036827195467422094	0.9069767441860465
0.036862003780718335	0.9069767441860465
0.036896877956480605	0.9069767441860465
0.036931818181818184	0.9069767441860465
0.03696682464454976	0.9069767441860465
0.03700189753320683	0.9069767441860465
0.037037037037037035	0.9069767441860465
0.0370722433460076	0.9069767441860465
0.037107516650808754	0.9069767441860465
0.037142857142857144	0.9069767441860465
0.037178265014299335	0.9069767441860465
0.03721374045801527	0.9069767441860465
0.03724928366762178	0.9069767441860465
0.0372848948374761	0.9069767441860465
0.03732057416267943	0.9069767441860465
0.03735632183908046	0.9069767441860465
0.037392138063279005	0.9069767441860465
0.03742802303262956	0.9069767441860465
0.037463976945244955	0.9069767441860465
0.0375	0.9069767441860465
0.03753609239653513	0.9069767441860465
0.03757225433526012	0.9069767441860465
0.037608486017357765	0.9069767441860465
0.037644787644787646	0.9069767441860465
0.03768115942028986	0.9069767441860465
0.037717601547388784	0.9069767441860465
0.0377541142303969	0.9069767441860465
0.0377906976744186	0.9069767441860465
0.037827352085354024	0.9069767441860465
0.037864077669902914	0.9069767441860465
0.037900874635568516	0.9069767441860465
0.037937743190661476	0.9069767441860465
0.0379746835443038	0.9069767441860465
0.038011695906432746	0.9069767441860465
0.03804878048780488	0.9069767441860465
0.0380859375	0.9069767441860465
0.03812316715542522	0.9069767441860465
0.03816046966731898	0.9069767441860465
0.03819784524975514	0.9069767441860465
0.03823529411764706	0.9069767441860465
0.038272816486751716	0.9069767441860465
0.03831041257367387	0.9069767441860465
0.038348082595870206	0.9069767441860465
0.038385826771653545	0.9069767441860465
0.03842364532019704	0.9069767441860465
0.038461538461538464	0.9069767441860465
0.0384995064165844	0.9069767441860465
0.038537549407114624	0.9069767441860465
0.03857566765578635	0.9069767441860465
0.03861386138613861	0.9069767441860465
0.03865213082259663	0.9069767441860465
0.03869047619047619	0.9069767441860465
0.038728897715988087	0.9069767441860465
0.03876739562624255	0.9069767441860465
0.03880597014925373	0.9069767441860465
0.03884462151394422	0.9069767441860465
0.038883349950149554	0.9069767441860465
0.038922155688622756	0.9069767441860465
0.03896103896103896	0.9069767441860465
0.039	0.9069767441860465
0.03903903903903904	0.9069767441860465
0.03907815631262525	0.9069767441860465
0.03911735205616851	0.9069767441860465
0.0391566265060241	0.9069767441860465
0.03919597989949749	0.9069767441860465
0.039235412474849095	0.9069767441860465
0.03927492447129909	0.9069767441860465
0.03931451612903226	0.9069767441860465
0.039354187689202826	0.9069767441860465
0.03939393939393939	0.9069767441860465
0.03943377148634985	0.9069767441860465
0.039473684210526314	0.9069767441860465
0.03951367781155015	0.9069767441860465
0.03955375253549696	0.9069767441860465
0.03959390862944162	0.9069767441860465
0.039634146341463415	0.9069767441860465
0.03967446592065107	0.9069767441860465
0.03971486761710794	0.9069767441860465
0.039755351681957186	0.9069767441860465
0.03979591836734694	0.9069767441860465
0.03983656792645557	0.9069767441860465
0.03987730061349693	0.9069767441860465
0.03991811668372569	0.9069767441860465
0.039959016393442626	0.9069767441860465
0.04	0.9069767441860465
0.04004106776180698	0.9069767441860465
0.040082219938335044	0.9069767441860465
0.040123456790123455	0.9069767441860465
0.04016477857878476	0.9069767441860465
0.04020618556701031	0.9069767441860465
0.04024767801857585	0.9069767441860465
0.040289256198347105	0.9069767441860465
0.04033092037228542	0.9069767441860465
0.040372670807453416	0.9069767441860465
0.04041450777202073	0.9069767441860465
0.04045643153526971	0.9069767441860465
0.040498442367601244	0.9069767441860465
0.04054054054054054	0.9069767441860465
0.04058272632674298	0.9069767441860465
0.040625	0.9069767441860465
0.040667361835245046	0.9069767441860465
0.0407098121085595	0.9069767441860465
0.04075235109717868	0.9069767441860465
0.04079497907949791	0.9069767441860465
0.040837696335078534	0.9069767441860465
0.040880503144654086	0.9069767441860465
0.040923399790136414	0.9069767441860465
0.04096638655462185	0.9069767441860465
0.04100946372239748	0.9069767441860465
0.04105263157894737	0.9069767441860465
0.0410958904109589	0.9069767441860465
0.04113924050632911	0.9069767441860465
0.04118268215417107	0.9069767441860465
0.0412262156448203	0.9069767441860465
0.04126984126984127	0.9069767441860465
0.0413135593220339	0.9069767441860465
0.041357370095440084	0.9069767441860465
0.041401273885350316	0.9069767441860465
0.04144527098831031	0.9069767441860465
0.04148936170212766	0.9069767441860465
0.04153354632587859	0.9069767441860465
0.04157782515991471	0.9069767441860465
0.0416221985058698	0.9069767441860465
0.041666666666666664	0.9069767441860465
0.04171122994652406	0.9069767441860465
0.0417558886509636	0.9069767441860465
0.04180064308681672	0.9069767441860465
0.04184549356223176	0.9069767441860465
0.04189044038668099	0.9069767441860465
0.041935483870967745	0.9069767441860465
0.04198062432723358	0.9069767441860465
0.04202586206896552	0.9069767441860465
0.042071197411003236	0.9069767441860465
0.042116630669546434	0.9069767441860465
0.04216216216216216	0.9069767441860465
0.04220779220779221	0.9069767441860465
0.04225352112676056	0.9069767441860465
0.04229934924078091	0.9069767441860465
0.04234527687296417	0.9069767441860465
0.042391304347826085	0.9069767441860465
0.042437431991294884	0.9069767441860465
0.042483660130718956	0.9069767441860465
0.04252998909487459	0.9069767441860465
0.0425764192139738	0.9069767441860465
0.04262295081967213	0.9069767441860465
0.04266958424507659	0.9069767441860465
0.04271631982475356	0.9069767441860465
0.04276315789473684	0.9069767441860465
0.042810098792535674	0.9069767441860465
0.04285714285714286	0.9069767441860465
0.0429042904290429	0.9069767441860465
0.042951541850220265	0.9069767441860465
0.04299889746416759	0.9069767441860465
0.04304635761589404	0.9069767441860465
0.0430939226519337	0.9069767441860465
0.04314159292035398	0.9069767441860465
0.04318936877076412	0.9069767441860465
0.043237250554323724	0.9069767441860465
0.04328523862375139	0.9069767441860465
0.043333333333333335	0.9069767441860465
0.04338153503893215	0.9069767441860465
0.043429844097995544	0.9069767441860465
0.043478260869565216	0.9069767441860465
0.04352678571428571	0.9069767441860465
0.04357541899441341	0.9069767441860465
0.0436241610738255	0.9069767441860465
0.043673012318029114	0.9069767441860465
0.043721973094170405	0.9069767441860465
0.04377104377104377	0.9069767441860465
0.043820224719101124	0.9069767441860465
0.043869516310461196	0.9069767441860465
0.04391891891891892	0.9069767441860465
0.043968432919954906	0.9069767441860465
0.04401805869074492	0.9069767441860465
0.04406779661016949	0.9069767441860465
0.04411764705882353	0.9069767441860465
0.044167610419026046	0.9069767441860465
0.04421768707482993	0.9069767441860465
0.04426787741203178	0.9069767441860465
0.04431818181818182	0.9069767441860465
0.04436860068259386	0.9069767441860465
0.04441913439635535	0.9069767441860465
0.04446978335233751	0.9069767441860465
0.04452054794520548	0.9069767441860465
0.044571428571428574	0.9069767441860465
0.04462242562929062	0.9069767441860465
0.044673539518900345	0.9069767441860465
0.04472477064220184	0.9069767441860465
0.04477611940298507	0.9069767441860465
0.04482758620689655	0.9069767441860465
0.04487917146144994	0.9069767441860465
0.044930875576036866	0.9069767441860465
0.04498269896193772	0.9069767441860465
0.04503464203233257	0.9069767441860465
0.04508670520231214	0.9069767441860465
0.04513888888888889	0.9069767441860465
0.04519119351100811	0.9069767441860465
0.04524361948955916	0.9069767441860465
0.04529616724738676	0.9069767441860465
0.04534883720930233	0.9069767441860465
0.04540162980209546	0.9069767441860465
0.045454545454545456	0.9069767441860465
0.045507584597432905	0.9069767441860465
0.0455607476635514	0.9069767441860465
0.0456140350877193	0.9069767441860465
0.04566744730679157	0.9069767441860465
0.04572098475967175	0.9069767441860465
0.045774647887323945	0.9069767441860465
0.045828437132784956	0.9069767441860465
0.04588235294117647	0.9069767441860465
0.045936395759717315	0.9069767441860465
0.045990566037735846	0.9069767441860465
0.04604486422668241	0.9069767441860465
0.04609929078014184	0.9069767441860465
0.046153846153846156	0.9069767441860465
0.0462085308056872	0.9069767441860465
0.046263345195729534	0.9069767441860465
0.04631828978622328	0.9069767441860465
0.04637336504161712	0.9069767441860465
0.04642857142857143	0.9069767441860465
0.04648390941597139	0.9069767441860465
0.046539379474940336	0.9069767441860465
0.04659498207885305	0.9069767441860465
0.04665071770334928	0.9069767441860465
0.046706586826347304	0.9069767441860465
0.046762589928057555	0.9069767441860465
0.0468187274909964	0.9069767441860465
0.046875	0.9069767441860465
0.04693140794223827	0.9069767441860465
0.046987951807228916	0.9069767441860465
0.047044632086851626	0.9069767441860465
0.04710144927536232	0.9069767441860465
0.0471584038694075	0.9069767441860465
0.04721549636803874	0.9069767441860465
0.04727272727272727	0.9069767441860465
0.04733009708737864	0.9069767441860465
0.04738760631834751	0.9069767441860465
0.04744525547445255	0.9069767441860465
0.047503045066991476	0.9069767441860465
0.0475609756097561	0.9069767441860465
0.047619047619047616	0.9069767441860465
0.04767726161369193	0.9069767441860465
0.04773561811505508	0.9069767441860465
0.04779411764705882	0.9069767441860465
0.04785276073619632	0.9069767441860465
0.04791154791154791	0.9069767441860465
0.04797047970479705	0.9069767441860465
0.0480295566502463	0.9069767441860465
0.04808877928483354	0.9069767441860465
0.04814814814814815	0.9069767441860465
0.048207663782447466	0.9069767441860465
0.04826732673267327	0.9069767441860465
0.048327137546468404	0.9069767441860465
0.04838709677419355	0.9069767441860465
0.0484472049689441	0.9069767441860465
0.048507462686567165	0.9069767441860465
0.048567870485678705	0.9069767441860465
0.048628428927680795	0.9069767441860465
0.04868913857677903	0.9069767441860465
0.04875	0.9069767441860465
0.04881101376720901	0.9069767441860465
0.04887218045112782	0.9069767441860465
0.04893350062735257	0.9069767441860465
0.048994974874371856	0.9069767441860465
0.04905660377358491	0.9069767441860465
0.0491183879093199	0.9069767441860465
0.04918032786885246	0.9069767441860465
0.04924242424242424	0.9069767441860465
0.0493046776232617	0.9069767441860465
0.049367088607594936	0.9069767441860465
0.049429657794676805	0.9069767441860465
0.04949238578680203	0.9069767441860465
0.04955527318932656	0.9069767441860465
0.04961832061068702	0.9069767441860465
0.049681528662420385	0.9069767441860465
0.04974489795918367	0.9069767441860465
0.04980842911877394	0.9069767441860465
0.049872122762148335	0.9069767441860465
0.0499359795134443	0.9069767441860465
0.05	0.9069767441860465
0.05006418485237484	0.9069767441860465
0.05012853470437018	0.9069767441860465
0.05019305019305019	0.9069767441860465
0.05025773195876289	0.9069767441860465
0.05032258064516129	0.9069767441860465
0.050387596899224806	0.9069767441860465
0.050452781371280724	0.9069767441860465
0.050518134715025906	0.9069767441860465
0.05058365758754864	0.9069767441860465
0.05064935064935065	0.9069767441860465
0.05071521456436931	0.9069767441860465
0.05078125	0.9069767441860465
0.05084745762711865	0.9069767441860465
0.050913838120104436	0.9069767441860465
0.050980392156862744	0.9069767441860465
0.051047120418848166	0.9069767441860465
0.05111402359108781	0.9069767441860465
0.051181102362204724	0.9069767441860465
0.051248357424441525	0.9069767441860465
0.05131578947368421	0.9069767441860465
0.05138339920948617	0.9069767441860465
0.051451187335092345	0.9069767441860465
0.05151915455746367	0.9069767441860465
0.051587301587301584	0.9069767441860465
0.051655629139072845	0.9069767441860465
0.05172413793103448	0.9069767441860465
0.05179282868525897	0.9069767441860465
0.05186170212765957	0.9069767441860465
0.05193075898801598	0.9069767441860465
0.052	0.9069767441860465
0.0520694259012016	0.9069767441860465
0.05213903743315508	0.9069767441860465
0.05220883534136546	0.9069767441860465
0.05227882037533512	0.9069767441860465
0.052348993288590606	0.9069767441860465
0.05241935483870968	0.9069767441860465
0.052489905787348586	0.9069767441860465
0.05256064690026954	0.9069767441860465
0.05263157894736842	0.9069767441860465
0.052702702702702706	0.9069767441860465
0.05277401894451962	0.9069767441860465
0.052845528455284556	0.9069767441860465
0.052917232021709636	0.9069767441860465
0.05298913043478261	0.9069767441860465
0.053061224489795916	0.9069767441860465
0.05313351498637602	0.9069767441860465
0.05320600272851296	0.9069767441860465
0.05327868852459016	0.9069767441860465
0.0533515731874145	0.9069767441860465
0.05342465753424658	0.9069767441860465
0.053497942386831275	0.9069767441860465
0.05357142857142857	0.9069767441860465
0.05364511691884457	0.9069767441860465
0.05371900826446281	0.9069767441860465
0.05379310344827586	0.9069767441860465
0.05386740331491713	0.9069767441860465
0.05394190871369295	0.9069767441860465
0.054016620498614956	0.9069767441860465
0.05409153952843273	0.9069767441860465
0.05416666666666667	0.9069767441860465
0.054242002781641166	0.9069767441860465
0.054317548746518104	0.9069767441860465
0.05439330543933055	0.9069767441860465
0.05446927374301676	0.9069767441860465
0.05454545454545454	0.9069767441860465
0.0546218487394958	0.9069767441860465
0.0546984572230014	0.9069767441860465
0.054775280898876406	0.9069767441860465
0.05485232067510549	0.9069767441860465
0.054929577464788736	0.9069767441860465
0.05500705218617771	0.9069767441860465
0.05508474576271186	0.9069767441860465
0.055162659123055166	0.9069767441860465
0.05524079320113314	0.9069767441860465
0.05531914893617021	0.9069767441860465
0.05539772727272727	0.9069767441860465
0.05547652916073969	0.9069767441860465
0.05555555555555555	0.9069767441860465
0.05563480741797432	0.9069767441860465
0.055714285714285716	0.9069767441860465
0.055793991416309016	0.9069767441860465
0.055873925501432664	0.9069767441860465
0.05595408895265423	0.9069767441860465
0.05603448275862069	0.9069767441860465
0.05611510791366906	0.9069767441860465
0.056195965417867436	0.9069767441860465
0.05627705627705628	0.9069767441860465
0.05635838150289017	0.9069767441860465
0.056439942112879886	0.9069767441860465
0.05652173913043478	0.9069767441860465
0.05660377358490566	0.9069767441860465
0.056686046511627904	0.9069767441860465
0.056768558951965066	0.9069767441860465
0.056851311953352766	0.9069767441860465
0.05693430656934306	0.9069767441860465
0.05701754385964912	0.9069767441860465
0.05710102489019034	0.9069767441860465
0.05718475073313783	0.9069767441860465
0.05726872246696035	0.9069767441860465
0.057352941176470586	0.9069767441860465
0.05743740795287187	0.9069767441860465
0.05752212389380531	0.9069767441860465
0.05760709010339734	0.9069767441860465
0.057692307692307696	0.9069767441860465
0.057777777777777775	0.9069767441860465
0.057863501483679525	0.9069767441860465
0.05794947994056464	0.9069767441860465
0.05803571428571429	0.9069767441860465
0.05812220566318927	0.9069767441860465
0.058208955223880594	0.9069767441860465
0.05829596412556054	0.9069767441860465
0.058383233532934134	0.9069767441860465
0.05847076461769116	0.9069767441860465
0.05855855855855856	0.9069767441860465
0.058646616541353384	0.9069767441860465
0.058734939759036146	0.9069767441860465
0.058823529411764705	0.9069767441860465
0.05891238670694864	0.9069767441860465
0.059001512859304085	0.9069767441860465
0.05909090909090909	0.9069767441860465
0.05918057663125948	0.9069767441860465
0.05927051671732523	0.9069767441860465
0.0593607305936073	0.9069767441860465
0.05945121951219512	0.9069767441860465
0.059541984732824425	0.9069767441860465
0.05963302752293578	0.9069767441860465
0.05972434915773354	0.9069767441860465
0.0598159509202454	0.9069767441860465
0.059907834101382486	0.9069767441860465
0.06	0.9069767441860465
0.060092449922958396	0.9069767441860465
0.06018518518518518	0.9069767441860465
0.06027820710973725	0.9069767441860465
0.06037151702786378	0.9069767441860465
0.06046511627906977	0.9069767441860465
0.06055900621118013	0.9069767441860465
0.060653188180404355	0.9069767441860465
0.06074766355140187	0.9069767441860465
0.060842433697347896	0.9069767441860465
0.0609375	0.9069767441860465
0.06103286384976526	0.9069767441860465
0.061128526645768025	0.9069767441860465
0.061224489795918366	0.9069767441860465
0.06132075471698113	0.9069767441860465
0.06141732283464567	0.9069767441860465
0.061514195583596214	0.9069767441860465
0.061611374407582936	0.9069767441860465
0.061708860759493674	0.9069767441860465
0.061806656101426306	0.9069767441860465
0.06190476190476191	0.9069767441860465
0.06200317965023847	0.9069767441860465
0.06210191082802548	0.9069767441860465
0.06220095693779904	0.9069767441860465
0.06230031948881789	0.9069767441860465
0.0624	0.9069767441860465
0.0625	0.9069767441860465
0.06260032102728733	0.9069767441860465
0.06270096463022508	0.9069767441860465
0.06280193236714976	0.9069767441860465
0.06290322580645161	0.9069767441860465
0.0630048465266559	0.9069767441860465
0.06310679611650485	0.9069767441860465
0.06320907617504051	0.9069767441860465
0.0633116883116883	0.9069767441860465
0.06341463414634146	0.9069767441860465
0.06351791530944625	0.9069767441860465
0.0636215334420881	0.9069767441860465
0.06372549019607843	0.9069767441860465
0.06382978723404255	0.9069767441860465
0.06393442622950819	0.9069767441860465
0.06403940886699508	0.9069767441860465
0.06414473684210527	0.9069767441860465
0.0642504118616145	0.9069767441860465
0.06435643564356436	0.9069767441860465
0.06446280991735537	0.9069767441860465
0.06456953642384106	0.9069767441860465
0.06467661691542288	0.9069767441860465
0.06478405315614617	0.9069767441860465
0.064891846921797	0.9069767441860465
0.065	0.9069767441860465
0.0651085141903172	0.9069767441860465
0.06521739130434782	0.9069767441860465
0.06532663316582915	0.9069767441860465
0.06543624161073826	0.9069767441860465
0.06554621848739496	0.9069767441860465
0.06565656565656566	0.9069767441860465
0.0657672849915683	0.9069767441860465
0.06587837837837837	0.9069767441860465
0.06598984771573604	0.9069767441860465
0.06610169491525424	0.9069767441860465
0.06621392190152801	0.9069767441860465
0.0663265306122449	0.9069767441860465
0.06643952299829642	0.9069767441860465
0.06655290102389079	0.9069767441860465
0.06666666666666667	0.9069767441860465
0.06678082191780822	0.9069767441860465
0.06689536878216124	0.9069767441860465
0.06701030927835051	0.9069767441860465
0.06712564543889846	0.9069767441860465
0.06724137931034482	0.9069767441860465
0.06735751295336788	0.9069767441860465
0.06747404844290658	0.9069767441860465
0.06759098786828423	0.9069767441860465
0.06770833333333333	0.9069767441860465
0.06782608695652174	0.9069767441860465
0.06794425087108014	0.9069767441860465
0.06806282722513089	0.9069767441860465
0.06818181818181818	0.9069767441860465
0.06830122591943957	0.9069767441860465
0.06842105263157895	0.9069767441860465
0.06854130052724078	0.9069767441860465
0.06866197183098592	0.9069767441860465
0.06878306878306878	0.9069767441860465
0.06890459363957598	0.9069767441860465
0.06902654867256637	0.9069767441860465
0.06914893617021277	0.9069767441860465
0.06927175843694494	0.9069767441860465
0.0693950177935943	0.9069767441860465
0.06951871657754011	0.9069767441860465
0.06964285714285715	0.9069767441860465
0.06976744186046512	0.9069767441860465
0.06989247311827956	0.9069767441860465
0.07001795332136446	0.9069767441860465
0.07014388489208633	0.9069767441860465
0.07027027027027027	0.9069767441860465
0.0703971119133574	0.9069767441860465
0.0705244122965642	0.9069767441860465
0.07065217391304347	0.9069767441860465
0.07078039927404718	0.9069767441860465
0.07090909090909091	0.9069767441860465
0.07103825136612021	0.9069767441860465
0.07116788321167883	0.9069767441860465
0.0712979890310786	0.9069767441860465
0.07142857142857142	0.9069767441860465
0.07155963302752294	0.9069767441860465
0.07169117647058823	0.9069767441860465
0.0718232044198895	0.9069767441860465
0.07195571955719557	0.9069767441860465
0.07208872458410351	0.9069767441860465
0.07222222222222222	0.9069767441860465
0.07235621521335807	0.9069767441860465
0.0724907063197026	0.9069767441860465
0.07262569832402235	0.9069767441860465
0.07276119402985075	0.9069767441860465
0.07289719626168224	0.9069767441860465
0.07303370786516854	0.9069767441860465
0.07317073170731707	0.9069767441860465
0.07330827067669173	0.9069767441860465
0.07344632768361582	0.9069767441860465
0.07358490566037736	0.9069767441860465
0.07372400756143667	0.9069767441860465
0.07386363636363637	0.9069767441860465
0.07400379506641366	0.9069767441860465
0.0741444866920152	0.9069767441860465
0.07428571428571429	0.9069767441860465
0.07442748091603053	0.9069767441860465
0.0745697896749522	0.9069767441860465
0.07471264367816093	0.9069767441860465
0.07485604606525911	0.9069767441860465
0.075	0.9069767441860465
0.07514450867052024	0.9069767441860465
0.07528957528957529	0.9069767441860465
0.07543520309477757	0.9069767441860465
0.0755813953488372	0.9069767441860465
0.07572815533980583	0.9069767441860465
0.07587548638132295	0.9069767441860465
0.07602339181286549	0.9069767441860465
0.076171875	0.9069767441860465
0.07632093933463796	0.9069767441860465
0.07647058823529412	0.9069767441860465
0.07662082514734773	0.9069767441860465
0.07677165354330709	0.9069767441860465
0.07692307692307693	0.9069767441860465
0.07707509881422925	0.9069767441860465
0.07722772277227723	0.9069767441860465
0.07738095238095238	0.9069767441860465
0.0775347912524851	0.9069767441860465
0.07768924302788845	0.9069767441860465
0.07784431137724551	0.9069767441860465
0.078	0.9069767441860465
0.0781563126252505	0.9069767441860465
0.0783132530120482	0.9069767441860465
0.07847082494969819	0.9069767441860465
0.07862903225806452	0.9069767441860465
0.07878787878787878	0.9069767441860465
0.07894736842105263	0.9069767441860465
0.07910750507099391	0.9069767441860465
0.07926829268292683	0.9069767441860465
0.07942973523421588	0.9069767441860465
0.07959183673469387	0.9069767441860465
0.07975460122699386	0.9069767441860465
0.07991803278688525	0.9069767441860465
0.08008213552361396	0.9069767441860465
0.08024691358024691	0.9069767441860465
0.08041237113402062	0.9069767441860465
0.08057851239669421	0.9069767441860465
0.08074534161490683	0.9069767441860465
0.08091286307053942	0.9069767441860465
0.08108108108108109	0.9069767441860465
0.08125	0.9069767441860465
0.081419624217119	0.9069767441860465
0.08158995815899582	0.9069767441860465
0.08176100628930817	0.9069767441860465
0.0819327731092437	0.9069767441860465
0.08210526315789474	0.9069767441860465
0.08227848101265822	0.9069767441860465
0.0824524312896406	0.9069767441860465
0.0826271186440678	0.9069767441860465
0.08280254777070063	0.9069767441860465
0.08297872340425531	0.9069767441860465
0.08315565031982942	0.9069767441860465
0.08333333333333333	0.9069767441860465
0.0835117773019272	0.9069767441860465
0.08369098712446352	0.9069767441860465
0.08387096774193549	0.9069767441860465
0.08405172413793104	0.9069767441860465
0.08423326133909287	0.9069767441860465
0.08441558441558442	0.9069767441860465
0.08459869848156182	0.9069767441860465
0.08478260869565217	0.9069767441860465
0.08496732026143791	0.9069767441860465
0.0851528384279476	0.9069767441860465
0.08533916849015317	0.9069767441860465
0.08552631578947369	0.9069767441860465
0.08571428571428572	0.9069767441860465
0.08590308370044053	0.9069767441860465
0.08609271523178808	0.9069767441860465
0.08628318584070796	0.9069767441860465
0.08647450110864745	0.9069767441860465
0.08666666666666667	0.9069767441860465
0.08685968819599109	0.9069767441860465
0.08705357142857142	0.9069767441860465
0.087248322147651	0.9069767441860465
0.08744394618834081	0.9069767441860465
0.08764044943820225	0.9069767441860465
0.08783783783783784	0.9069767441860465
0.08803611738148984	0.9069767441860465
0.08823529411764706	0.9069767441860465
0.08843537414965986	0.9069767441860465
0.08863636363636364	0.9069767441860465
0.0888382687927107	0.9069767441860465
0.08904109589041095	0.9069767441860465
0.08924485125858124	0.9069767441860465
0.08944954128440367	0.9069767441860465
0.0896551724137931	0.9069767441860465
0.08986175115207373	0.9069767441860465
0.09006928406466513	0.9069767441860465
0.09027777777777778	0.9069767441860465
0.09048723897911833	0.9069767441860465
0.09069767441860466	0.9069767441860465
0.09090909090909091	0.9069767441860465
0.0911214953271028	0.9069767441860465
0.09133489461358314	0.9069767441860465
0.09154929577464789	0.9069767441860465
0.09176470588235294	0.9069767441860465
0.09198113207547169	0.9069767441860465
0.09219858156028368	0.9069767441860465
0.0924170616113744	0.9069767441860465
0.09263657957244656	0.9069767441860465
0.09285714285714286	0.9069767441860465
0.09307875894988067	0.9069767441860465
0.09330143540669857	0.9069767441860465
0.09352517985611511	0.9069767441860465
0.09375	0.9069767441860465
0.09397590361445783	0.9069767441860465
0.09420289855072464	0.9069767441860465
0.09443099273607748	0.9069767441860465
0.09466019417475728	0.9069767441860465
0.0948905109489051	0.9069767441860465
0.0951219512195122	0.9069767441860465
0.09535452322738386	0.9069767441860465
0.09558823529411764	0.9069767441860465
0.09582309582309582	0.9069767441860465
0.0960591133004926	0.9069767441860465
0.0962962962962963	0.9069767441860465
0.09653465346534654	0.9069767441860465
0.0967741935483871	0.9069767441860465
0.09701492537313433	0.9069767441860465
0.09725685785536159	0.9069767441860465
0.0975	0.9069767441860465
0.09774436090225563	0.9069767441860465
0.09798994974874371	0.9069767441860465
0.0982367758186398	0.9069767441860465
0.09848484848484848	0.9069767441860465
0.09873417721518987	0.9069767441860465
0.09898477157360407	0.9069767441860465
0.09923664122137404	0.9069767441860465
0.09948979591836735	0.9069767441860465
0.09974424552429667	0.9069767441860465
0.1	0.9069767441860465
0.10025706940874037	0.9069767441860465
0.10051546391752578	0.9069767441860465
0.09819121447028424	0.8837209302325582
0.09844559585492228	0.8837209302325582
0.0987012987012987	0.8837209302325582
0.09895833333333333	0.8837209302325582
0.09921671018276762	0.8837209302325582
0.09947643979057591	0.8837209302325582
0.09973753280839895	0.8837209302325582
0.1	0.8837209302325582
0.10026385224274406	0.8837209302325582
0.10052910052910052	0.8837209302325582
0.10079575596816977	0.8837209302325582
0.10106382978723404	0.8837209302325582
0.10133333333333333	0.8837209302325582
0.10160427807486631	0.8837209302325582
0.10187667560321716	0.8837209302325582
0.10215053763440861	0.8837209302325582
0.10242587601078167	0.8837209302325582
0.10270270270270271	0.8837209302325582
0.10298102981029811	0.8837209302325582
0.10326086956521739	0.8837209302325582
0.10354223433242507	0.8837209302325582
0.10382513661202186	0.8837209302325582
0.10410958904109589	0.8837209302325582
0.1043956043956044	0.8837209302325582
0.1046831955922865	0.8837209302325582
0.10497237569060773	0.8837209302325582
0.10526315789473684	0.8837209302325582
0.10555555555555556	0.8837209302325582
0.10584958217270195	0.8837209302325582
0.10614525139664804	0.8837209302325582
0.10644257703081232	0.8837209302325582
0.10674157303370786	0.8837209302325582
0.10704225352112676	0.8837209302325582
0.10734463276836158	0.8837209302325582
0.10764872521246459	0.8837209302325582
0.10795454545454546	0.8837209302325582
0.10826210826210826	0.8837209302325582
0.10857142857142857	0.8837209302325582
0.10888252148997135	0.8837209302325582
0.10919540229885058	0.8837209302325582
0.10951008645533142	0.8837209302325582
0.10982658959537572	0.8837209302325582
0.11014492753623188	0.8837209302325582
0.11046511627906977	0.8837209302325582
0.11078717201166181	0.8837209302325582
0.1111111111111111	0.8837209302325582
0.10850439882697947	0.8604651162790697
0.10882352941176471	0.8604651162790697
0.10914454277286136	0.8604651162790697
0.10946745562130178	0.8604651162790697
0.10979228486646884	0.8604651162790697
0.11011904761904762	0.8604651162790697
0.11044776119402985	0.8604651162790697
0.11077844311377245	0.8604651162790697
0.1111111111111111	0.8604651162790697
0.11144578313253012	0.8604651162790697
0.11178247734138973	0.8604651162790697
0.11212121212121212	0.8604651162790697
0.1094224924012158	0.8372093023255814
0.10975609756097561	0.8372093023255814
0.11009174311926606	0.8372093023255814
0.11042944785276074	0.8372093023255814
0.11076923076923077	0.8372093023255814
0.1111111111111111	0.8372093023255814
0.11145510835913312	0.8372093023255814
0.11180124223602485	0.8372093023255814
0.11214953271028037	0.8372093023255814
0.1125	0.8372093023255814
0.11285266457680251	0.8372093023255814
0.11320754716981132	0.8372093023255814
0.11356466876971609	0.8372093023255814
0.11392405063291139	0.8372093023255814
0.11428571428571428	0.8372093023255814
0.11464968152866242	0.8372093023255814
0.11501597444089456	0.8372093023255814
0.11538461538461539	0.8372093023255814
0.1157556270096463	0.8372093023255814
0.11612903225806452	0.8372093023255814
0.11650485436893204	0.8372093023255814
0.11688311688311688	0.8372093023255814
0.11726384364820847	0.8372093023255814
0.11764705882352941	0.8372093023255814
0.1180327868852459	0.8372093023255814
0.11842105263157894	0.8372093023255814
0.1188118811881188	0.8372093023255814
0.11920529801324503	0.8372093023255814
0.11960132890365449	0.8372093023255814
0.12	0.8372093023255814
0.12040133779264214	0.8372093023255814
0.12080536912751678	0.8372093023255814
0.12121212121212122	0.8372093023255814
0.12162162162162163	0.8372093023255814
0.12203389830508475	0.8372093023255814
0.12244897959183673	0.8372093023255814
0.12286689419795221	0.8372093023255814
0.1232876712328767	0.8372093023255814
0.12371134020618557	0.8372093023255814
0.12413793103448276	0.8372093023255814
0.1245674740484429	0.8372093023255814
0.125	0.8372093023255814
0.1254355400696864	0.8372093023255814
0.1258741258741259	0.8372093023255814
0.12631578947368421	0.8372093023255814
0.1267605633802817	0.8372093023255814
0.127208480565371	0.8372093023255814
0.1276595744680851	0.8372093023255814
0.12811387900355872	0.8372093023255814
0.12857142857142856	0.8372093023255814
0.12903225806451613	0.8372093023255814
0.12949640287769784	0.8372093023255814
0.1299638989169675	0.8372093023255814
0.13043478260869565	0.8372093023255814
0.13090909090909092	0.8372093023255814
0.13138686131386862	0.8372093023255814
0.13186813186813187	0.8372093023255814
0.1323529411764706	0.8372093023255814
0.13284132841328414	0.8372093023255814
0.13333333333333333	0.8372093023255814
0.13382899628252787	0.8372093023255814
0.13432835820895522	0.8372093023255814
0.1348314606741573	0.8372093023255814
0.13533834586466165	0.8372093023255814
0.13584905660377358	0.8372093023255814
0.13636363636363635	0.8372093023255814
0.13688212927756654	0.8372093023255814
0.13740458015267176	0.8372093023255814
0.13793103448275862	0.8372093023255814
0.13846153846153847	0.8372093023255814
0.138996138996139	0.8372093023255814
0.13953488372093023	0.8372093023255814
0.14007782101167315	0.8372093023255814
0.140625	0.8372093023255814
0.1411764705882353	0.8372093023255814
0.14173228346456693	0.8372093023255814
0.1422924901185771	0.8372093023255814
0.14285714285714285	0.8372093023255814
0.14342629482071714	0.8372093023255814
0.144	0.8372093023255814
0.14457831325301204	0.8372093023255814
0.14516129032258066	0.8372093023255814
0.145748987854251	0.8372093023255814
0.14634146341463414	0.8372093023255814
0.1469387755102041	0.8372093023255814
0.14754098360655737	0.8372093023255814
0.14814814814814814	0.8372093023255814
0.1487603305785124	0.8372093023255814
0.14937759336099585	0.8372093023255814
0.15	0.8372093023255814
0.1506276150627615	0.8372093023255814
0.15126050420168066	0.8372093023255814
0.1518987341772152	0.8372093023255814
0.15254237288135594	0.8372093023255814
0.14893617021276595	0.813953488372093
0.14957264957264957	0.813953488372093
0.15021459227467812	0.813953488372093
0.15086206896551724	0.813953488372093
0.15151515151515152	0.813953488372093
0.15217391304347827	0.813953488372093
0.15283842794759825	0.813953488372093
0.15350877192982457	0.813953488372093
0.15418502202643172	0.813953488372093
0.15486725663716813	0.813953488372093
0.15555555555555556	0.813953488372093
0.15625	0.813953488372093
0.15695067264573992	0.813953488372093
0.15765765765765766	0.813953488372093
0.1583710407239819	0.813953488372093
0.1590909090909091	0.813953488372093
0.1598173515981735	0.813953488372093
0.16055045871559634	0.813953488372093
0.16129032258064516	0.813953488372093
0.16203703703703703	0.813953488372093
0.16279069767441862	0.813953488372093
0.16355140186915887	0.813953488372093
0.1643192488262911	0.813953488372093
0.1650943396226415	0.813953488372093
0.16587677725118483	0.813953488372093
0.16666666666666666	0.813953488372093
0.1674641148325359	0.813953488372093
0.16826923076923078	0.813953488372093
0.16908212560386474	0.813953488372093
0.16990291262135923	0.813953488372093
0.17073170731707318	0.813953488372093
0.1715686274509804	0.813953488372093
0.1724137931034483	0.813953488372093
0.17326732673267325	0.813953488372093
0.17412935323383086	0.813953488372093
0.175	0.813953488372093
0.1708542713567839	0.7906976744186046
0.1717171717171717	0.7906976744186046
0.17258883248730963	0.7906976744186046
0.17346938775510204	0.7906976744186046
0.17435897435897435	0.7906976744186046
0.17525773195876287	0.7906976744186046
0.17616580310880828	0.7906976744186046
0.17708333333333334	0.7906976744186046
0.17801047120418848	0.7906976744186046
0.17894736842105263	0.7906976744186046
0.17989417989417988	0.7906976744186046
0.18085106382978725	0.7906976744186046
0.18181818181818182	0.7906976744186046
0.1827956989247312	0.7906976744186046
0.1837837837837838	0.7906976744186046
0.18478260869565216	0.7906976744186046
0.18579234972677597	0.7906976744186046
0.18681318681318682	0.7906976744186046
0.1878453038674033	0.7906976744186046
0.18888888888888888	0.7906976744186046
0.18994413407821228	0.7906976744186046
0.19101123595505617	0.7906976744186046
0.192090395480226	0.7906976744186046
0.19318181818181818	0.7906976744186046
0.19428571428571428	0.7906976744186046
0.19540229885057472	0.7906976744186046
0.19653179190751446	0.7906976744186046
0.19767441860465115	0.7906976744186046
0.19883040935672514	0.7906976744186046
0.2	0.7906976744186046
0.1952662721893491	0.7674418604651163
0.19642857142857142	0.7674418604651163
0.19760479041916168	0.7674418604651163
0.19879518072289157	0.7674418604651163
0.2	0.7674418604651163
0.20121951219512196	0.7674418604651163
0.20245398773006135	0.7674418604651163
0.2037037037037037	0.7674418604651163
0.20496894409937888	0.7674418604651163
0.20625	0.7674418604651163
0.20754716981132076	0.7674418604651163
0.2088607594936709	0.7674418604651163
0.21019108280254778	0.7674418604651163
0.20512820512820512	0.7441860465116279
0.2064516129032258	0.7441860465116279
0.2077922077922078	0.7441860465116279
0.20915032679738563	0.7441860465116279
0.21052631578947367	0.7441860465116279
0.2119205298013245	0.7441860465116279
0.21333333333333335	0.7441860465116279
0.21476510067114093	0.7441860465116279
0.21621621621621623	0.7441860465116279
0.21768707482993196	0.7441860465116279
0.2191780821917808	0.7441860465116279
0.21379310344827587	0.7209302325581395
0.2152777777777778	0.7209302325581395
0.21678321678321677	0.7209302325581395
0.21830985915492956	0.7209302325581395
0.2198581560283688	0.7209302325581395
0.22142857142857142	0.7209302325581395
0.22302158273381295	0.7209302325581395
0.2246376811594203	0.7209302325581395
0.22627737226277372	0.7209302325581395
0.22058823529411764	0.6976744186046512
0.21481481481481482	0.6744186046511628
0.21641791044776118	0.6744186046511628
0.21804511278195488	0.6744186046511628
0.2196969696969697	0.6744186046511628
0.21374045801526717	0.6511627906976745
0.2153846153846154	0.6511627906976745
0.21705426356589147	0.6511627906976745
0.21875	0.6511627906976745
0.2204724409448819	0.6511627906976745
0.2222222222222222	0.6511627906976745
0.224	0.6511627906976745
0.22580645161290322	0.6511627906976745
0.22764227642276422	0.6511627906976745
0.22950819672131148	0.6511627906976745
0.23140495867768596	0.6511627906976745
0.23333333333333334	0.6511627906976745
0.23529411764705882	0.6511627906976745
0.23728813559322035	0.6511627906976745
0.23931623931623933	0.6511627906976745
0.2413793103448276	0.6511627906976745
0.24347826086956523	0.6511627906976745
0.24561403508771928	0.6511627906976745
0.24778761061946902	0.6511627906976745
0.25	0.6511627906976745
0.25225225225225223	0.6511627906976745
0.2545454545454545	0.6511627906976745
0.25688073394495414	0.6511627906976745
0.25925925925925924	0.6511627906976745
0.2616822429906542	0.6511627906976745
0.25471698113207547	0.627906976744186
0.2571428571428571	0.627906976744186
0.25961538461538464	0.627906976744186
0.2621359223300971	0.627906976744186
0.2647058823529412	0.627906976744186
0.26732673267326734	0.627906976744186
0.27	0.627906976744186
0.2727272727272727	0.627906976744186
0.2755102040816326	0.627906976744186
0.27835051546391754	0.627906976744186
0.28125	0.627906976744186
0.28421052631578947	0.627906976744186
0.2872340425531915	0.627906976744186
0.2903225806451613	0.627906976744186
0.29347826086956524	0.627906976744186
0.2967032967032967	0.627906976744186
0.3	0.627906976744186
0.29213483146067415	0.6046511627906976
0.29545454545454547	0.6046511627906976
0.2988505747126437	0.6046511627906976
0.3023255813953488	0.6046511627906976
0.3058823529411765	0.6046511627906976
0.30952380952380953	0.6046511627906976
0.3132530120481928	0.6046511627906976
0.3170731707317073	0.6046511627906976
0.32098765432098764	0.6046511627906976
0.325	0.6046511627906976
0.3291139240506329	0.6046511627906976
0.3333333333333333	0.6046511627906976
0.3246753246753247	0.5813953488372093
0.3157894736842105	0.5581395348837209
0.32	0.5581395348837209
0.32432432432432434	0.5581395348837209
0.3150684931506849	0.5348837209302325
0.3194444444444444	0.5348837209302325
0.323943661971831	0.5348837209302325
0.32857142857142857	0.5348837209302325
0.3333333333333333	0.5348837209302325
0.3382352941176471	0.5348837209302325
0.34328358208955223	0.5348837209302325
0.3484848484848485	0.5348837209302325
0.35384615384615387	0.5348837209302325
0.359375	0.5348837209302325
0.36507936507936506	0.5348837209302325
0.3548387096774194	0.5116279069767442
0.3442622950819672	0.4883720930232558
0.3333333333333333	0.46511627906976744
0.3389830508474576	0.46511627906976744
0.3448275862068966	0.46511627906976744
0.3508771929824561	0.46511627906976744
0.3392857142857143	0.4418604651162791
0.34545454545454546	0.4418604651162791
0.35185185185185186	0.4418604651162791
0.33962264150943394	0.4186046511627907
0.34615384615384615	0.4186046511627907
0.35294117647058826	0.4186046511627907
0.36	0.4186046511627907
0.3673469387755102	0.4186046511627907
0.375	0.4186046511627907
0.3829787234042553	0.4186046511627907
0.391304347826087	0.4186046511627907
0.37777777777777777	0.3953488372093023
0.38636363636363635	0.3953488372093023
0.3953488372093023	0.3953488372093023
0.40476190476190477	0.3953488372093023
0.4146341463414634	0.3953488372093023
0.425	0.3953488372093023
0.4358974358974359	0.3953488372093023
0.4473684210526316	0.3953488372093023
0.4594594594594595	0.3953488372093023
0.4444444444444444	0.37209302325581395
0.45714285714285713	0.37209302325581395
0.47058823529411764	0.37209302325581395
0.48484848484848486	0.37209302325581395
0.46875	0.3488372093023256
0.45161290322580644	0.32558139534883723
0.43333333333333335	0.3023255813953488
0.4482758620689655	0.3023255813953488
0.4642857142857143	0.3023255813953488
0.48148148148148145	0.3023255813953488
0.5	0.3023255813953488
0.52	0.3023255813953488
0.5416666666666666	0.3023255813953488
0.5652173913043478	0.3023255813953488
0.5454545454545454	0.27906976744186046
0.5714285714285714	0.27906976744186046
0.55	0.2558139534883721
0.5789473684210527	0.2558139534883721
0.6111111111111112	0.2558139534883721
0.5882352941176471	0.23255813953488372
0.5625	0.20930232558139536
0.5333333333333333	0.18604651162790697
0.5714285714285714	0.18604651162790697
0.6153846153846154	0.18604651162790697
0.5833333333333334	0.16279069767441862
0.6363636363636364	0.16279069767441862
0.7	0.16279069767441862
0.6666666666666666	0.13953488372093023
0.625	0.11627906976744186
0.7142857142857143	0.11627906976744186
0.6666666666666666	0.09302325581395349
0.8	0.09302325581395349
0.75	0.06976744186046512
1.0	0.06976744186046512
1.0	0.046511627906976744
1.0	0.023255813953488372
1.0	0.0
