true_y	pred_y	pred_probe
1	1	0.12622888843647728
1	1	0.12791723911731578
1	1	0.133023916179152
1	1	0.12878965739907844
1	1	0.12892039154544355
1	1	0.1278071628381151
1	1	0.12969909503202182
1	1	0.12525413309306255
1	1	0.12575363213240687
1	1	0.1267055782410078
1	1	0.12746164725625952
1	1	0.12724859470919303
1	1	0.12574910236175207
1	1	0.12803211482984367
1	1	0.12672922767618522
1	1	0.12834328877679624
1	1	0.12691887619057862
1	1	0.12821829295816978
1	1	0.13038418873750945
1	1	0.13040588523179442
1	1	0.12512580684949837
1	1	0.1276204200821316
1	1	0.12554215574433203
1	1	0.12697482860879983
1	1	0.12408887697127258
1	1	0.12709426911116617
1	1	0.12752614212770064
1	1	0.13127619170171856
1	1	0.13102058833117425
1	1	0.136133427271111
1	1	0.13115183232344985
1	1	0.12984936237610745
1	1	0.13025628182845084
1	0	0.8389766073135155
1	0	0.8758131965543703
1	1	0.13280904399014415
1	1	0.13217490480144012
1	1	0.13529775811360678
1	1	0.13215881234772042
1	1	0.13240282784822832
1	1	0.13363069486648127
1	1	0.13007251168032985
1	1	0.12952099090123315
1	1	0.12918815780580395
1	0	0.9091147124082958
1	1	0.13074943970855357
1	1	0.12855310774488848
1	1	0.12675032912371487
1	1	0.13177409775249072
1	1	0.12397354041598507
1	1	0.1287525100939143
1	1	0.127649200974985
1	1	0.12839397919290918
1	1	0.12850447977438229
1	0	0.8385994042478981
1	0	0.8463391946582186
1	1	0.12873083076192215
1	1	0.12756516773123394
1	1	0.13049766835929943
1	1	0.12646855881611108
1	1	0.12669677271826596
1	1	0.13017966797462033
1	1	0.1270399862270577
1	1	0.1266661465475698
1	1	0.1298063469385602
1	0	0.823656822528057
1	1	0.12829848650623155
1	1	0.12930132841029252
1	1	0.12416459713462769
1	1	0.1331311181442857
1	1	0.14178852114976925
1	1	0.12799594471984854
1	1	0.1303920789420241
1	1	0.12459758514166108
1	1	0.12870762520758128
1	1	0.12777614436573526
1	1	0.1282366486650367
1	0	0.8854421793323382
1	1	0.1264054149365368
1	1	0.12900805709846597
1	1	0.12922129922667913
1	1	0.13020171376096312
1	1	0.13152237275767975
1	1	0.12977785333194058
1	0	0.8962003229867606
1	0	0.8665092366315343
1	1	0.14012606816495343
1	1	0.13800116492149406
1	0	0.8729899513643097
1	1	0.13198693031922393
1	1	0.1296840811002974
1	1	0.13201964371870645
1	1	0.13687421457688131
1	1	0.13154639860842965
1	1	0.12940365207212634
1	1	0.1293165797390502
1	1	0.13042071724299875
1	1	0.13333565398075442
1	1	0.12785988552132255
1	1	0.13717401235795645
1	1	0.12838658981156392
1	1	0.134065291540305
1	1	0.1276377355412588
1	0	0.8802047194426608
1	1	0.12571382400850772
1	1	0.13076180963740658
1	1	0.1290979788172294
1	1	0.13002419167396795
1	1	0.12914062463896514
1	1	0.13541790796526265
1	1	0.12861125084937308
1	1	0.13080749646512801
1	1	0.13007150118272426
1	1	0.13542257124901058
0	0	0.9213187992172983
1	1	0.1344013774511329
1	1	0.1361355663519741
1	1	0.13588551790505476
1	1	0.13046347388123158
1	1	0.12952515872184567
1	1	0.12993050211239465
1	1	0.1294519047349837
1	1	0.12858077203633156
1	1	0.13297757729058524
1	1	0.1296361731314083
1	1	0.12766044037049962
1	1	0.12864870781389237
1	1	0.12615714688119606
1	1	0.13295486248376454
1	1	0.1315744449706029
1	1	0.12756640765547989
1	1	0.12695263980344929
1	1	0.12791214203905976
1	0	0.838074594723166
1	1	0.12797652023157868
1	1	0.130640583560519
1	1	0.12903260883656298
1	1	0.126468473026769
1	1	0.12867705478850344
1	1	0.12898577079709905
1	1	0.12876982794791314
1	1	0.12812092057861335
1	1	0.12865004543961467
1	1	0.17609201490964377
1	1	0.12952935080079986
1	1	0.12923377835174055
1	1	0.13186394235470666
1	1	0.1271555011799419
1	1	0.12850877195719002
1	1	0.12536292289364426
1	1	0.12630878026443693
1	1	0.1276216566997479
1	1	0.1287001736161718
1	1	0.1285607635853171
1	1	0.12901807576503377
1	1	0.12808995813992807
1	1	0.12344702447617661
1	1	0.13088528377182973
1	1	0.12605579283392887
1	1	0.12685034838539788
1	1	0.12630924180805037
1	1	0.12568752785995208
1	1	0.12503906035299417
1	1	0.12703333970544983
1	0	0.8788265817032218
1	0	0.8603844530424056
1	1	0.12935604230131004
1	1	0.1283700315313827
1	1	0.12760547272970946
1	1	0.12681395711941768
1	1	0.12592589209798088
1	1	0.12897187851495195
1	1	0.1305720825832224
1	1	0.1287959046451984
1	1	0.12443487902751549
1	1	0.13025990030334833
1	1	0.12867905852425965
1	1	0.1310823578628586
0	0	0.9234653312645265
1	1	0.1299564614009261
1	1	0.13462943678714634
1	1	0.12814112380071718
1	1	0.12740394506899932
1	1	0.1257981806918177
1	1	0.42510696282948124
1	1	0.3154829726637668
1	1	0.3077883561992031
1	1	0.35499807546363193
1	1	0.3556422386320889
1	0	0.5539335690427374
0	1	0.38740997066913474
1	1	0.4021863185295178
1	0	0.9362702875313081
1	1	0.22922351455360268
1	1	0.1699406732000055
1	1	0.23636965490849504
1	1	0.20139848465988996
1	1	0.23332516122557478
1	1	0.1713271476327961
1	1	0.12506501896713595
1	1	0.1289480830042996
1	1	0.12764518565945726
1	1	0.1292206949431789
1	1	0.1287177567658413
1	0	0.8646190076675888
1	1	0.1279138281348694
1	1	0.1307932803944487
1	1	0.1270116040019157
1	1	0.12830454038037487
1	1	0.12720836342995523
1	1	0.12776112873980605
1	1	0.12800668410788185
1	1	0.12750418478726455
1	1	0.12680199173126316
1	1	0.12605688900652745
1	1	0.12884469301635904
1	1	0.12884967890722177
1	1	0.12706889308012392
1	1	0.13184215894403328
1	1	0.13141619270743687
1	1	0.13098657135316039
1	1	0.13324219914488977
1	1	0.12635890906270608
1	1	0.12796710909902098
1	1	0.12792372545497943
1	1	0.1264266564098263
1	1	0.1229658103281791
1	1	0.12706502521755536
1	1	0.1286438787250348
1	1	0.1292708333145759
1	1	0.1280494783904188
1	1	0.12652668272112033
1	1	0.1267011757183849
1	1	0.12615884413313105
1	1	0.1254817935404663
1	1	0.12274984121144306
1	1	0.12663292327322828
1	1	0.1252162366775057
1	1	0.12782155513618576
1	1	0.1267201795034082
1	1	0.126603025233602
1	1	0.12783806105487272
1	1	0.12841387411929783
1	1	0.12843213087084482
1	1	0.12884094195517937
1	1	0.13169348937692005
1	1	0.12785025934240235
1	1	0.12753055452145645
1	1	0.12943445433699285
1	1	0.12602131354937618
1	1	0.12564351923802664
1	1	0.13290847530628003
1	0	0.8851880757843007
1	1	0.12771201452525272
1	1	0.12706603357159874
1	1	0.12465959786671443
1	1	0.12669119369365567
1	0	0.9137486463528935
1	1	0.12362049939191222
1	0	0.8413836175425102
1	1	0.13083901002382403
1	1	0.12920884686669465
1	1	0.1303102990323175
1	1	0.13430984169564608
1	1	0.12602227294627544
0	0	0.9019250937538754
1	1	0.13661325098849209
1	1	0.12933431241907767
1	1	0.13102170835603644
1	1	0.13234741847453757
1	1	0.13106475393820383
1	1	0.12874653321616902
1	1	0.12990225950520806
1	1	0.12418357711467487
1	1	0.12848899517875523
1	1	0.13070027771693382
1	1	0.12956082709617145
1	1	0.12716516141555434
1	1	0.12972312336333058
1	1	0.13551335952407773
1	1	0.12893981332746385
1	1	0.12782988722606325
1	1	0.12787866111986945
1	0	0.8738591637861146
1	1	0.12928475675778517
1	1	0.13172682935860358
1	1	0.12957090104066082
1	1	0.13112892728982817
1	1	0.13149296674128308
1	1	0.12360881191746553
1	0	0.9121239761559788
1	1	0.12753934508640175
1	1	0.13243567015065494
1	0	0.8834875690236574
1	1	0.131588724742293
1	1	0.1309808981327426
1	1	0.1318429677893871
1	1	0.13058638736204242
1	1	0.12998198397420657
1	1	0.129588716655475
1	1	0.13377262352816455
1	0	0.8803658404827963
1	1	0.13044454354678714
1	1	0.12930893800546572
1	1	0.1277232944854253
1	1	0.12843596431685889
1	1	0.13007949743161984
1	1	0.1353163241796237
1	1	0.12979110541544459
1	1	0.12385346349346071
1	1	0.13218539979931188
1	1	0.13255620615342278
1	0	0.8926297307702759
1	1	0.14008415590071244
1	1	0.13013376714494884
1	0	0.9033288064743076
1	1	0.1309376898588238
1	1	0.12865677374481455
1	1	0.12873135677505088
1	1	0.12945554937353299
1	1	0.13264174448138766
1	1	0.1318701825495543
1	1	0.13099852633510767
1	1	0.1301413815043847
1	1	0.1286497776243084
1	1	0.1273539758239457
1	1	0.12708109639851994
1	1	0.12771917521742515
1	1	0.12572345193657486
1	1	0.1258264521931547
1	1	0.12272400113544835
1	1	0.125533529843862
1	1	0.12799673034028525
1	1	0.12507933013332528
1	1	0.12565554911454568
1	1	0.12624814432806564
1	1	0.12885755268133958
1	1	0.12567380195088707
1	1	0.1260917930975095
1	1	0.15364781811785388
1	1	0.1275504122341945
1	1	0.12426789505743874
1	1	0.1266435994853805
1	1	0.12964139854068024
1	1	0.12167828976760775
1	1	0.1307120469828401
1	1	0.1280877260642811
1	1	0.12809027243052673
1	0	0.8784909732501611
1	1	0.13080042696179284
1	1	0.12824251081338534
1	1	0.1286826734697878
1	1	0.12855811260810657
1	1	0.13005741049767783
1	1	0.12467198341210162
1	1	0.13037907793062697
1	1	0.12920763912908284
1	1	0.12921114136061718
1	1	0.1283143276243014
1	1	0.12953214572045424
1	1	0.12828975666478415
1	1	0.12792465759606608
1	1	0.127305079175404
1	1	0.129284222037633
1	0	0.89715055937265
1	1	0.1300360747842877
1	1	0.1307143743896848
1	0	0.8518859842126403
1	1	0.13307748672830366
1	0	0.869961352099437
1	1	0.12930964574815196
1	1	0.1286911520880194
1	1	0.12902093818875116
1	1	0.12813821513044354
1	1	0.1307643158238111
1	1	0.12847434008109593
1	1	0.12827419668522577
1	1	0.1291742654645699
1	1	0.13254574513058626
1	1	0.12273135685813419
1	1	0.127883296683713
1	1	0.1324098634758223
1	1	0.13240906966780708
1	1	0.12883660821625897
1	1	0.12835904254402797
1	1	0.12700965248487106
1	1	0.12762053036250987
1	1	0.12700351091770634
1	1	0.12746498034129528
1	1	0.12761270879962994
1	1	0.12595991023335074
1	1	0.1284901061607775
1	1	0.12848254476769316
1	1	0.12842307669465602
1	1	0.12822951948633698
1	1	0.1279844557138441
1	1	0.13136187581309478
1	0	0.8778940335796057
1	1	0.13209592856034913
1	1	0.1336281371810536
1	0	0.8876760707206572
1	0	0.8979472552206161
1	1	0.13678897280443847
1	0	0.8967621466261613
1	1	0.13048202903688177
1	1	0.12984662857859608
1	0	0.8898486678229893
1	0	0.8899702176726968
1	1	0.13240146000261033
1	1	0.12933218622971465
1	1	0.12902600968800304
1	0	0.8918874340218146
1	1	0.12799243891874512
1	1	0.13000542287368977
1	1	0.1323947976876535
1	1	0.14343319131281573
1	1	0.13162056062219074
0	0	0.8764239189990545
1	1	0.13112229226076744
1	1	0.13532002874809723
0	0	0.8985015123318233
1	1	0.1297502313171055
1	1	0.1309297156944429
1	1	0.1287121724514293
1	1	0.13000844604373796
1	1	0.12801113984292
1	1	0.13013207532388937
1	1	0.1315067243238135
1	0	0.8006419833655225
1	1	0.13663759358625238
1	1	0.13217690452158692
1	1	0.14313203210466585
1	1	0.13488343299855643
1	0	0.8860701317625546
1	1	0.1318404754005389
1	0	0.8794588939554283
1	1	0.12958663542406612
1	0	0.9184647199226944
1	1	0.1285353962707707
1	1	0.1299463997384659
1	1	0.12941150507679033
1	1	0.12974732922290066
1	1	0.130336527356662
1	1	0.12908072723537878
1	1	0.12626506512741253
1	1	0.1257775501103039
1	1	0.12808777453811226
1	1	0.12656185763369354
1	1	0.1276831971517609
1	1	0.12640402255225736
1	1	0.12639389780845756
1	1	0.12724052693782806
1	1	0.12975638932985611
1	1	0.13168194067869987
1	1	0.1345490468053383
1	0	0.9100688622961715
1	1	0.12493633756876721
1	1	0.1258832927239567
1	1	0.33767275509471606
1	1	0.38338735539085644
1	1	0.33462931415421715
1	1	0.30578496005834144
1	1	0.4933875852583779
1	1	0.4935250213736977
1	1	0.37651627580503966
1	1	0.36384431765500613
1	1	0.3215631629145598
1	1	0.30238323395320665
1	0	0.5163110432106321
1	1	0.43521417906493653
1	1	0.4447418163762037
1	1	0.45374891857794475
1	0	0.5046694190224015
1	1	0.3806562425307378
1	1	0.45046042726380586
1	0	0.6686227145903929
1	0	0.9465988903959156
1	0	0.5370920539794934
1	0	0.5192246932794737
1	0	0.5233868260168806
1	0	0.599751322906356
0	0	0.9442540399439324
1	0	0.5194625497249916
1	1	0.2894152360552441
1	0	0.9456125252126212
1	0	0.5090883099385819
1	0	0.9457802286942066
0	0	0.9477469621256385
1	0	0.5363693984163997
1	1	0.4492176861633729
1	1	0.4206318617430802
1	1	0.40776090930157427
1	1	0.38002780639139855
1	1	0.49461196642647287
1	1	0.4077171255163632
1	1	0.43937057678073876
1	1	0.42373615698634914
1	1	0.4986121375759627
1	0	0.5531208377816919
1	1	0.41047211119779914
1	1	0.47174150061944176
1	1	0.45170760656851316
1	1	0.40098560037907216
1	1	0.328883753632385
1	1	0.1559846574460214
1	1	0.1584652572975478
1	1	0.22179099250625367
1	1	0.2039487824020919
1	0	0.9036846807242206
1	0	0.9300555348125732
1	1	0.20634413515260963
1	1	0.17167815553529686
1	1	0.15589864059196357
1	1	0.175923716299773
1	1	0.15632880381244973
1	1	0.14777659269331167
1	1	0.21849663772758032
1	1	0.2215039208342907
1	0	0.9119270984209191
1	1	0.17513635284804552
1	1	0.22288867534237244
1	1	0.2134892635013409
1	1	0.14999995375452846
1	1	0.18696734016086858
1	1	0.16546868842849738
1	1	0.16351572301932726
1	1	0.1515210248322132
1	1	0.19470443623146627
1	1	0.20062656296144699
1	1	0.15668748333707794
1	1	0.21981931712178304
1	1	0.17157441674636642
1	0	0.9281970276009597
1	1	0.180597425063462
1	1	0.20046455760885584
1	1	0.1553003446335478
1	1	0.21465318243249976
1	1	0.23207321777264123
1	0	0.9110282650840061
1	1	0.15735414446881113
1	1	0.20325740555944594
1	1	0.14816062796468166
1	1	0.15767811824823896
1	1	0.1952068187142887
1	1	0.2201280223652069
1	0	0.9167383966678525
1	1	0.2226217393417722
1	1	0.2181253477650369
1	1	0.20653301873598584
0	0	0.9231552125331147
1	0	0.9195132359408085
1	1	0.16548317704277882
1	1	0.23018026626256294
1	1	0.17039065208320814
1	1	0.15903292834068716
1	1	0.18101371140034228
1	1	0.22482105268365182
1	1	0.15861551913129168
1	1	0.19379905281498278
1	0	0.8926078740374067
1	0	0.9175978124431863
1	0	0.9313923252703831
1	0	0.8849981713202797
1	1	0.17305052379954977
1	1	0.2274251903969019
1	1	0.17010297258849305
1	1	0.19265322787316708
1	1	0.21242958025603853
1	1	0.15469919941347454
1	0	0.9217185200650803
1	1	0.17824184962722678
1	1	0.171893903042305
1	1	0.2060335119665212
1	1	0.14743198623788945
1	1	0.16328993397086722
1	1	0.14953514740568818
1	1	0.1962521788302516
1	1	0.14237166062933193
1	1	0.14755941166652642
1	1	0.14805597226615186
1	1	0.14948443576125614
1	1	0.13127885619027602
1	1	0.164901334282331
1	1	0.16122306692004584
1	1	0.16965014552017454
1	1	0.15624775178942152
1	1	0.21756659941580525
1	0	0.9305332093482848
1	1	0.18299738914852626
1	1	0.15935693834773812
1	1	0.1642522898976102
1	1	0.25870084776012126
1	1	0.1460998652549036
1	1	0.1744986162410933
1	1	0.15321881392955006
1	1	0.21523929310456036
1	0	0.9138850297676891
1	1	0.1580835707685061
1	1	0.1747014243872418
1	1	0.22882279521336746
1	1	0.2272328038923297
1	1	0.21566474481799958
1	1	0.16126192966178254
1	1	0.18763413352392055
1	1	0.1875826234339567
1	1	0.15256126571023287
1	1	0.189115736594763
1	0	0.9221222587106931
1	1	0.15714622951855717
1	1	0.1601161102365497
1	1	0.14990104719494823
1	1	0.15128490441111997
1	1	0.1444808278779003
1	1	0.15157649871034662
1	1	0.14413328591617958
1	1	0.1563578478335408
1	1	0.15795159453819319
1	1	0.1594755455509148
1	1	0.1457028127903236
1	1	0.1456908855674639
1	0	0.9318919112029653
1	1	0.1674325415002743
1	1	0.14850731306019238
1	1	0.15028246156703828
1	1	0.1607533745318549
1	1	0.1585449980525695
1	1	0.16955211985874663
1	1	0.1469916149134285
1	1	0.1391471329926358
1	1	0.14204124657285033
1	0	0.9232331509862696
1	1	0.23155833097621326
1	1	0.18810339421709643
1	1	0.14752666190220587
1	1	0.14662262129147263
1	1	0.16422220299513868
1	1	0.16091527138834238
1	1	0.14769681797300016
1	1	0.14076691702957211
1	1	0.15192029093590786
1	1	0.16387018017691446
1	1	0.14337546939653867
1	1	0.14677256434977493
1	1	0.14571848759189787
1	1	0.14913533575975935
1	1	0.18777694912762566
1	1	0.1538678616475353
1	1	0.1387469773240485
1	1	0.15994263159309707
1	1	0.14229839590234772
1	1	0.15546880844662514
1	1	0.14476435299290225
1	0	0.9309572514651314
1	1	0.15420354193880548
1	1	0.14673408243365937
1	1	0.1474548098870756
1	1	0.17842168430406147
1	1	0.14666780211497255
1	1	0.17876487974143462
1	1	0.13434448062841298
1	1	0.1538834173391812
1	1	0.16809703489484218
1	1	0.2024182947512254
0	0	0.9207599086394999
1	1	0.19474604616710012
1	1	0.40344979295319816
1	1	0.4370713025706551
1	1	0.4900656884443161
1	0	0.5689252992941505
0	1	0.3775890333028087
1	1	0.4725963633952709
1	0	0.5999927713442648
1	0	0.9460762543581852
1	1	0.33306295728252044
1	1	0.2907475069466694
1	1	0.2684626485331604
1	1	0.24894628344433656
1	1	0.2556505945435087
0	0	0.9312675099407934
1	1	0.2880603223184348
1	1	0.2896636735794583
1	1	0.20336666310565066
1	1	0.41320898200282896
1	1	0.4235083822772211
1	0	0.5426010401202724
1	1	0.4684456353593718
1	1	0.3037507386622982
1	1	0.23240768320231142
1	1	0.2637562374158411
1	1	0.31012911063666926
1	1	0.3415608190818088
1	1	0.2895540308966994
1	0	0.5000922535262842
1	1	0.376587701415246
1	1	0.3587066773592821
1	1	0.3184476050988637
1	1	0.3665080471502733
1	1	0.2904857706554016
1	1	0.2771018624950994
1	1	0.287335982033591
1	1	0.2451923703214307
1	1	0.24420591900963895
1	1	0.2711660295050171
1	1	0.24383679934449665
1	1	0.3188993699531284
1	0	0.9111280612507512
1	1	0.3359562856444749
1	1	0.3803510178251719
1	1	0.2572373416774455
1	1	0.2575792092754544
0	0	0.9357414583041579
1	1	0.4366080250798028
1	1	0.2696766986421757
1	1	0.4405043959040007
1	1	0.3291997078020662
1	1	0.43162182613821143
1	1	0.22278667833276455
1	1	0.49512279091117073
1	1	0.41644445532476704
1	1	0.32197301631908337
1	1	0.3165877203047235
1	1	0.28043453559161946
1	1	0.3827384040455878
1	1	0.2680856938682362
1	1	0.1337516269607102
1	1	0.14049688749331357
1	1	0.13523178384437728
1	1	0.19352037656620558
1	1	0.13519012467672875
1	1	0.13251782743280527
1	1	0.13498564282998415
1	1	0.13072736840208932
1	1	0.12981835587259327
1	1	0.12860549464310556
1	1	0.13207196088969397
1	1	0.13298444482414173
1	1	0.12748211088436978
1	1	0.13321164926253526
1	1	0.18856301327923508
1	1	0.12890609774700545
1	1	0.13168676031551885
1	1	0.1866893199764148
1	1	0.13667525365813815
1	1	0.1739289990738776
1	1	0.18250644291517182
1	1	0.17511201686180788
1	1	0.1404975779692913
1	1	0.18665627045463173
1	1	0.1590032000646172
1	1	0.22373442544586786
1	1	0.20597233409764126
1	1	0.19930004236883225
1	1	0.19600387349903214
1	1	0.209746299952682
1	1	0.13843283673094986
1	1	0.19710132739185338
1	1	0.1534357421520235
1	1	0.15741295352270845
1	1	0.15150831208496296
1	1	0.20076145485493468
1	1	0.13908086604536474
1	0	0.9264649882745067
1	1	0.19943642002029272
1	1	0.15238333501122103
1	1	0.18902983215013525
1	1	0.1676872071854546
1	1	0.1939056619820474
1	1	0.1430476984343313
1	1	0.1502361460769135
1	1	0.14664591386596582
1	1	0.13585513037784236
1	1	0.13716041953100555
1	1	0.20049353023595495
1	1	0.1302794375224241
1	1	0.13658292349114998
1	1	0.13453833415451932
1	1	0.13289269583784225
1	1	0.1412457683250854
1	1	0.1356104317056661
1	1	0.18902951054703954
1	1	0.14302741536278085
1	1	0.16907563768861167
1	1	0.17968624158679214
1	1	0.2001089597881951
1	1	0.19510631722740457
1	1	0.14442621065520544
1	1	0.13706904873976788
1	1	0.1350226249789056
1	1	0.13987290084600845
1	1	0.16617784938072
1	1	0.15728006628295765
1	1	0.1705616213076223
1	1	0.17337176182214042
1	1	0.13030528963793075
1	1	0.14227228229080935
1	1	0.1394394477623122
1	1	0.15673865619471683
1	1	0.13565362722408114
1	1	0.14149722689810762
1	0	0.8403901256589938
1	1	0.13861245180962867
1	1	0.13696389668955988
1	1	0.18983237806945952
1	1	0.1909344611344651
1	1	0.20190961722710998
1	1	0.19380554242506243
1	1	0.1315643079771881
1	1	0.1369194845848143
1	1	0.1354091552158534
1	1	0.1403460792294916
1	1	0.13164077043702394
1	1	0.13294062814209295
1	1	0.161192127207478
1	1	0.2067769802534951
1	1	0.18482868218021786
1	1	0.13180386012422274
1	1	0.13919530573828465
1	1	0.2252262421664213
1	1	0.2051831563304185
1	1	0.1985180292155957
1	0	0.9226798785831005
0	0	0.8763822484866202
1	1	0.1494046079741972
1	1	0.170147840904477
1	0	0.9289288906366547
1	1	0.21154759717856442
1	1	0.14158852586123505
1	1	0.14128948719766987
1	1	0.16130348142363993
1	1	0.15139631503365525
1	1	0.2059805603854139
1	0	0.9141230600445519
1	1	0.13776898394043902
1	1	0.17453072509677947
1	1	0.13314521022144565
1	1	0.1385784880920149
1	1	0.18887571592133312
1	1	0.13814051112268066
1	1	0.19612083161110805
1	1	0.1722634913586143
1	1	0.13849999497494236
1	1	0.21547770756826146
1	1	0.15148173975519375
1	1	0.1372331250226777
1	1	0.21340477380675082
1	1	0.13885546206489063
1	0	0.925790324614807
1	1	0.14093689763332118
1	1	0.1474947681929365
1	1	0.14456949443522937
1	1	0.14224099475586005
1	1	0.14131882440074328
1	1	0.1856787888755973
1	0	0.927746227616649
1	0	0.93197889198781
1	1	0.1431733697748353
1	1	0.14040026556690088
1	1	0.13916630183841405
1	1	0.12801828550908123
1	1	0.13418435830293107
1	1	0.32885278028684384
1	1	0.33681266486693473
1	1	0.2470416913835225
1	1	0.3784602221688361
1	1	0.41862181973297063
1	1	0.22809127675703522
1	1	0.4171787923724284
1	1	0.36525380521931805
1	1	0.2587165440274922
1	1	0.31526382393915986
1	1	0.2463673766869433
1	1	0.27849404182873116
1	1	0.4745152098846306
1	1	0.2655438491675911
1	1	0.2712061092725385
1	1	0.3409028168739845
1	1	0.31095168284762364
0	0	0.9458507420576051
1	1	0.3316306377670193
1	1	0.3769120011875081
1	1	0.28435189399116634
1	0	0.9278472321094582
1	1	0.26628158087870635
1	1	0.3043597412226784
1	1	0.4554091653239968
1	1	0.3191092086571974
1	1	0.3575939548567967
1	1	0.22911955990449118
1	1	0.2541092833268498
1	1	0.22584460398109873
1	1	0.2169733316857867
1	0	0.8984988558003336
1	1	0.18054665198217368
1	1	0.31233518306746333
1	1	0.14350212690389608
1	1	0.16601075037310264
1	1	0.19311474581298738
1	1	0.22605781513190992
1	1	0.18651200980122284
1	1	0.16009373688850337
1	1	0.1809650964703574
1	1	0.1775897918994237
1	1	0.2878662805727893
1	0	0.9300100039175715
1	1	0.19388028222648668
1	1	0.19941343758748298
1	1	0.182581324956281
1	1	0.29594379477165067
0	0	0.9298304753368896
1	0	0.912487906407595
1	1	0.23270973925673544
1	1	0.20090122889486894
1	1	0.150317082553722
1	1	0.14843502746895532
1	1	0.14420378597985384
1	1	0.13971741720992648
1	1	0.13743235790050945
1	1	0.17064932826649815
1	1	0.14682356139889807
1	1	0.18609293545189654
1	1	0.17684518083507073
1	1	0.13421793536772741
1	1	0.19378625670922733
1	1	0.13946427542110018
1	1	0.20563853832543544
1	1	0.14022724148327237
1	1	0.1404269004269827
1	1	0.20173661055850944
1	1	0.17733185119092
1	1	0.1475081764721372
1	1	0.15182197332216085
1	1	0.14002224169975275
1	1	0.14720915636327447
1	1	0.13548340068521814
1	1	0.22901697330503878
1	1	0.1388824792439809
1	1	0.20992689147076005
1	1	0.13557937667772202
1	1	0.17661855525440429
1	1	0.22987388689366184
1	1	0.22330548607284872
1	1	0.13049127208256905
1	1	0.1645601995836551
0	0	0.9246515395002014
1	1	0.2246631660478252
1	0	0.9314383168431962
1	1	0.31020227133573586
1	1	0.1650541558129731
1	1	0.21278698996919532
1	1	0.21452931121715624
1	1	0.1652648621572147
1	1	0.14862146360974526
1	1	0.26730379993303965
1	1	0.1614398082471472
1	1	0.1403027601012623
0	0	0.9149498888347447
1	1	0.1471799253542747
1	1	0.155329143974424
1	1	0.18372311482844683
1	1	0.14493837172539648
1	1	0.15052800374146158
1	1	0.1466193131267941
1	1	0.2564439135394564
1	1	0.18926622821892192
1	1	0.2040754502718749
1	1	0.17112393185190278
1	1	0.1473753822856928
1	1	0.18527845101609453
1	1	0.1670081469350959
1	1	0.1977987812872143
1	1	0.2428261579694425
1	1	0.1907154587417007
1	1	0.2053357310334104
1	1	0.1822100964490807
1	0	0.9374762778807272
1	1	0.2625777579034583
1	1	0.20806626741789258
1	1	0.1755553259076008
1	1	0.2333401177640254
1	1	0.25420099000748353
1	1	0.22371515480084136
1	1	0.2603733152049489
1	1	0.2753766627868691
1	0	0.9384683314917979
1	1	0.24600561901965146
1	1	0.2167695316788848
1	1	0.21551340549783327
1	1	0.19619213757677056
1	0	0.9407053763210926
1	1	0.2136153176429757
1	1	0.22528025837131227
1	1	0.27225595040450534
1	1	0.2179626586391865
1	1	0.1953536403360343
1	1	0.22529489620701315
1	1	0.21786367027117592
1	0	0.9361078704913642
1	1	0.2255603793726757
1	1	0.22988110588336952
1	1	0.35425655768591724
1	1	0.23028413797999625
0	0	0.9431446700308062
0	0	0.9403372342908431
1	1	0.3192616727910017
1	1	0.23028512285863334
1	1	0.2387526196607177
1	1	0.2730995357421525
1	0	0.9434376957725823
1	1	0.36421364021845826
1	1	0.24960587035724047
1	1	0.32724836696795034
1	1	0.23206980342070682
1	1	0.23791287957591178
1	1	0.35310998033301055
1	1	0.269918554631135
1	0	0.9329254850136293
1	1	0.35754622793494206
1	1	0.24968598517522544
1	1	0.28081185613389004
1	1	0.20563907727806896
1	1	0.3734974398975037
1	1	0.24582926585538523
1	1	0.36405906877353367
1	1	0.22859935395341402
1	1	0.2692062186556299
1	0	0.5266656248075725
1	1	0.44927040535800933
1	1	0.336470543785765
1	1	0.37997816413429086
1	1	0.45779569942890086
1	1	0.4616359368426788
1	1	0.3758307733606039
1	1	0.3756902339412591
1	1	0.3352097276656041
1	1	0.2602002396056675
1	1	0.2503033470558732
1	1	0.32459405430621235
1	1	0.292010081977891
1	1	0.3965489537480823
1	1	0.2682584981503021
1	1	0.2718239686159142
1	1	0.24242356386195796
1	1	0.27468136905213025
1	1	0.2461331962714698
1	1	0.2716077322727708
1	0	0.9407944826412246
1	1	0.26178196591184766
1	1	0.24956699132332916
1	1	0.24222226176484762
1	1	0.24499010912627728
1	0	0.9379274319439401
1	1	0.21504142279483196
1	1	0.22428334985864828
1	1	0.1847773000157401
1	0	0.9292797045968464
1	1	0.13196886627322646
1	1	0.1377880171492437
1	1	0.15877306077740316
1	1	0.1352901480999973
1	1	0.13208849683746737
1	1	0.1402501110936405
1	1	0.1394316259955969
1	1	0.14145886293229082
1	1	0.1403655517731881
1	1	0.13425354532526956
1	1	0.13901241542495246
1	1	0.13790509202655266
1	1	0.14096824127963548
1	1	0.1395682427303525
1	1	0.13996866153987897
1	1	0.13997778897471214
1	1	0.13648433995184472
1	1	0.13490043746944247
1	1	0.14376507410331585
1	1	0.13598166322136118
1	1	0.14134063163224675
1	1	0.14296283461818093
1	1	0.14024752040345212
1	1	0.1442045304398013
1	1	0.21320438146319542
1	1	0.14260575623870753
1	1	0.14191434088655486
1	1	0.13398398989765714
1	1	0.1395194168497227
1	1	0.13677046346726318
1	1	0.14157965248306348
1	1	0.1266866028248006
1	1	0.1383291785818881
1	1	0.14175474090735907
1	1	0.1386462241438997
1	1	0.14878889165998865
1	1	0.15277855202925872
1	1	0.1349797559685474
1	1	0.14739764142454737
0	0	0.9200552590870233
1	1	0.1442693177174803
1	1	0.24242688038944815
0	0	0.8625460684220557
1	1	0.20181537142340966
1	1	0.14597040100524505
1	1	0.15232583973762936
1	1	0.14564157119248478
1	1	0.13662608952301925
1	1	0.13666919872689043
1	1	0.1364679407265732
1	0	0.904671631982488
1	1	0.1336007820757198
1	1	0.1419164007685273
1	1	0.13536299709935617
1	1	0.13710071285316605
1	1	0.13804235226282924
1	1	0.1365955517950742
1	1	0.20871560862559912
1	1	0.14179448790663984
1	0	0.9014621483444246
1	1	0.13626685423866913
1	1	0.1377105502331415
1	1	0.1355109485252094
1	1	0.1412936955382803
1	1	0.1511079610370606
1	1	0.13811403661921084
1	1	0.13556441868958924
1	1	0.1295654305762215
1	1	0.13839322220507988
1	1	0.13886151960760074
1	1	0.13469339496990973
1	1	0.14109881512280253
1	1	0.13639582926663507
1	1	0.13433629185280593
1	1	0.14159525552648022
1	1	0.1354456830558226
1	1	0.13488469619803856
1	1	0.14259549584611175
1	1	0.13788755176869427
1	1	0.1345402961841048
1	1	0.132654463820443
1	0	0.8452341557613287
1	1	0.14100845738693468
1	1	0.13315078107586642
1	1	0.14152971693320637
1	1	0.14955993315747396
1	1	0.14079415707002485
1	0	0.9056988359961338
1	1	0.13177741102715268
1	1	0.1314330813353647
1	1	0.14024269283534252
1	1	0.13216561906079116
1	1	0.13747026921395533
1	1	0.14026814226680095
1	1	0.13434398244058154
1	0	0.7577401410129527
1	1	0.14318633054545915
1	1	0.13467547090970244
1	1	0.13812197378582958
1	1	0.1365495037214154
1	1	0.13501914188535058
1	0	0.8593379839330867
1	1	0.14008126404697807
1	1	0.13956448815042544
1	1	0.13461741441120212
1	1	0.12898492402601058
1	1	0.13272959105128734
1	1	0.13130255805124524
1	1	0.13738778440429056
1	1	0.13759031096581242
1	1	0.13727197760200216
1	1	0.13747907890141042
1	1	0.13994358532616458
1	1	0.13602786487858054
1	1	0.1365837219513254
1	1	0.14141950098449385
1	1	0.140709094939392
1	1	0.1428368782646643
1	1	0.1539310018140072
1	1	0.14431325024199582
1	1	0.1344375873023369
1	1	0.18898324209833328
1	1	0.14092981393263204
1	1	0.13814339793502095
1	1	0.17296831828245807
1	1	0.15630477247010854
1	1	0.13859750295271556
1	1	0.13947215479368202
1	1	0.1418576394125174
1	1	0.14172836371090658
1	1	0.1392857398391859
1	1	0.13616493362194249
1	1	0.1428410217682664
1	1	0.14073077322030436
1	1	0.13843154593250706
1	1	0.13600530530516564
1	1	0.13374374160152713
1	1	0.13270054510006268
1	1	0.13339315105425598
1	1	0.13866672436633576
1	1	0.13552713873745903
1	0	0.8382554616284976
1	1	0.13580103277498434
1	1	0.135694127076044
1	1	0.132990860537468
1	1	0.13331492944713708
1	1	0.13492916418667045
1	1	0.13678137340184204
1	1	0.13832524570564453
1	1	0.16230208464294826
1	1	0.13834099481941553
1	1	0.14422758809138136
1	1	0.17399726849448371
1	1	0.19838683359289255
1	1	0.14523482011811317
1	1	0.13330839842232678
1	1	0.1436825659550649
1	1	0.20300550202334056
1	1	0.13738344968439753
1	1	0.20135933566564135
1	1	0.1978407016755347
0	1	0.2057325122076491
1	1	0.15716607407034533
1	0	0.9205828181480237
1	0	0.9236045176096134
1	1	0.13396754776590836
1	1	0.14610978301369015
1	1	0.13593260110407046
1	1	0.15422707595216167
1	1	0.12976481760929737
1	1	0.15166699615704304
1	1	0.14803560794577286
1	1	0.18001592360381136
1	1	0.13779577374217178
1	0	0.9031144247168693
1	1	0.1724761816650736
1	1	0.14464321403149294
1	1	0.14203816345587772
1	1	0.17500976679093638
1	1	0.1492533503210105
1	1	0.21689785628081093
1	1	0.13470312393321615
1	1	0.1347541209720653
1	1	0.15151980947714438
1	1	0.1465949173203377
1	1	0.16060914137338178
1	1	0.15234956279916934
1	1	0.13163664235950645
1	1	0.13894969224845322
1	1	0.13086321767347153
1	1	0.13093878583798957
1	1	0.13893594574281132
1	1	0.15112025141119179
1	1	0.14382257677035903
1	1	0.16603119862164695
1	1	0.15991347294840996
1	1	0.13884204802094202
1	1	0.1701306893961141
1	1	0.13696989898734435
1	1	0.1959830398885074
1	1	0.1423776520216975
1	1	0.14363521242357813
1	1	0.14277892906955025
1	1	0.13892426784448675
1	1	0.2177930614831981
1	1	0.14566002439129078
1	1	0.15526300211325594
1	1	0.1455766089916286
1	1	0.17619835732926026
1	1	0.14357466598354984
1	1	0.14715239529229196
1	1	0.14321107797261934
1	1	0.14218718297790334
1	1	0.14337307218453788
1	1	0.1785569757547335
1	1	0.1352944262267215
1	1	0.14118233342568887
1	1	0.13149688522944736
1	1	0.17320790324451607
1	1	0.14819225878335351
1	1	0.13565409074356005
1	1	0.14643881176903795
1	1	0.13955938636227083
1	1	0.17332856966772914
1	1	0.16045469215009756
1	1	0.1365080750202099
1	0	0.9255366373783546
1	0	0.9053900433521576
1	1	0.22685003631865752
1	1	0.13703695302069407
1	0	0.9038033291618495
1	1	0.15153030105235799
1	1	0.15711976141998296
1	0	0.9273602994605709
1	1	0.15204924738403747
1	1	0.1392717727322631
1	1	0.13652297689162107
1	1	0.1793226212271628
1	0	0.8996600250309097
1	1	0.15672691385636206
1	1	0.14307412159950694
1	1	0.14413418040057602
1	1	0.14544848685062595
1	1	0.14187821391928235
1	1	0.15084890427118436
1	1	0.15765790427626625
1	1	0.14576517220424245
1	1	0.138948597588457
1	1	0.13832333772353478
1	1	0.1463463080025469
1	1	0.14295778483825206
1	1	0.14771574983197433
1	1	0.14188319474056743
1	1	0.1393708185874759
1	1	0.14257525412002825
1	1	0.14343443363640118
1	1	0.14883561557695935
1	1	0.14503767235066733
1	1	0.13933774660034082
1	1	0.14147912189195455
1	1	0.18072760195831827
1	1	0.15181309668048193
1	1	0.13661249701019484
1	0	0.9128697844582573
1	1	0.13870035580067397
1	1	0.13707026406743095
1	1	0.17386923770904417
1	1	0.14223387531176468
1	1	0.18338143897554993
1	1	0.20037607204839403
1	1	0.17126111874689576
1	1	0.13915619965740544
1	1	0.14560864216027714
1	1	0.1486689329342047
1	1	0.21632794838964076
1	1	0.15765857078958334
1	1	0.2078598671991041
1	1	0.14789196048833453
1	1	0.166939313603499
1	1	0.15057476695819894
1	1	0.18062802119222265
1	1	0.1786783635674648
1	1	0.15345715070502564
1	1	0.19462656106729903
1	1	0.14647024017696164
1	1	0.1511038582385099
1	1	0.15727480411534656
1	1	0.1535020730763058
1	1	0.14648388955884029
1	1	0.14587119894972456
1	1	0.15307846625090415
1	1	0.1484033132655066
1	1	0.14122565394907116
1	1	0.14778760571609106
1	1	0.14246180770202554
1	1	0.14249805664188486
1	1	0.13262189561276483
1	1	0.16259557697020544
1	1	0.14358001717504942
1	1	0.15579924099365083
1	0	0.9190316029475185
1	1	0.14809430313761995
1	1	0.17541960445284221
1	1	0.1519168030995227
0	0	0.9301083474795766
1	1	0.16298569771459248
1	1	0.15430504302223047
1	1	0.16160916319014507
1	1	0.1652577722048605
1	1	0.17565033508502526
0	0	0.9035891415221708
1	1	0.13462546503360306
1	1	0.13511989646657396
1	1	0.13241479516118893
1	1	0.12573178320412415
1	1	0.14372164197778714
1	1	0.16879265360593665
1	1	0.13805726680880315
1	1	0.136007407377854
1	1	0.14331906380892023
1	0	0.9210148702546361
1	0	0.9362858916214153
1	1	0.14477744893400835
1	1	0.14971943659537923
1	1	0.13593742986634905
1	1	0.1441240986061384
1	1	0.18594996161708788
1	1	0.17404747151759925
1	1	0.15357012515594537
1	1	0.1449156638070742
1	1	0.1522827358471348
1	1	0.15558871887367598
1	1	0.15555004256851457
1	1	0.1561594147223353
1	1	0.15468927441679114
1	1	0.1646527225136244
1	1	0.15562487381959467
1	1	0.1549700173622316
1	1	0.1526952551174996
1	1	0.15189537055124558
1	1	0.1492812771865326
0	0	0.9225270293111996
1	1	0.15357990014148915
1	0	0.9239515066053593
1	1	0.1551238531086232
1	1	0.14304917706882536
1	1	0.14793144287384274
1	1	0.14793974045172098
1	1	0.14674329292194677
1	1	0.14352543247348282
1	1	0.14142525694732022
1	1	0.1453945374223672
1	1	0.14553079531210056
1	1	0.1401601477747777
1	1	0.15405641247368962
1	1	0.15518848782611128
1	1	0.1429385739198782
1	0	0.929784826236601
1	1	0.1554547871390275
1	1	0.15922372976270616
1	1	0.14299248250016305
1	1	0.14406972672621876
1	1	0.1376212853321288
1	1	0.1461693288285455
1	1	0.14553279707341982
1	1	0.14111220684639347
1	1	0.13096997037216895
1	1	0.13109753377644573
1	1	0.13193386419066344
1	1	0.12852585876224965
1	1	0.13167001223151154
1	1	0.1317282007495949
1	1	0.1307205263734481
1	1	0.131879073114472
1	1	0.13124299655424965
1	1	0.13156000055122752
1	1	0.1329047124085978
1	1	0.13664201583431235
1	0	0.9033498851466222
1	1	0.13627089381274526
1	1	0.1329647278326368
1	1	0.1356029664193097
1	1	0.1319249348176389
1	1	0.13186832729323394
1	1	0.1326706778636928
1	1	0.12694740094615742
1	1	0.12920582320090734
1	1	0.13491208085563378
1	1	0.1365633603064672
1	1	0.13418990852278845
1	1	0.13239806005662202
1	1	0.12821269888240538
1	1	0.13151675768669324
1	1	0.13146747364010947
1	1	0.13060606331485236
1	1	0.13001005420388745
1	1	0.13803354245386734
1	1	0.13147219699386425
1	1	0.13243102614916458
1	1	0.1328942109415071
1	1	0.1297902195367494
1	1	0.12889536656426515
1	1	0.1325097209120134
1	1	0.12732424667711217
1	1	0.12679581820648367
1	1	0.1300666263107162
1	1	0.13231997899161063
1	1	0.12448424857467111
1	1	0.12736664231549644
1	1	0.132096375908215
1	1	0.1307480522610499
1	1	0.15175158422295965
1	1	0.14276489963851635
1	1	0.13206820083813475
1	1	0.18774759760073723
1	1	0.1538677666589252
1	0	0.9184952518322488
1	0	0.9339146168581877
1	0	0.8535784305419154
1	1	0.14070754621331194
1	1	0.13526509837244183
1	1	0.13402784289294334
1	1	0.1350338660985101
1	1	0.13344856605045186
1	1	0.13028953638828278
1	1	0.13404083123478938
1	1	0.1395676102629828
1	1	0.13545083105557343
1	1	0.13282121325968765
1	0	0.8929218579422575
1	1	0.13171404893842653
1	1	0.16070359280681645
1	1	0.17441896734763307
1	1	0.13833397629109512
1	1	0.13989587375836376
1	1	0.1427666821048179
1	1	0.14034741494681835
1	1	0.13675063033460577
0	0	0.8626992330143206
1	1	0.13173225367168684
1	1	0.13399963919893365
1	1	0.1318703527539149
1	0	0.8779859606209299
1	1	0.1322717166926003
1	1	0.13094351353720712
1	1	0.13499097791078196
1	1	0.1329296590566651
1	1	0.13145256496354318
1	0	0.908237565944273
1	1	0.14058173670906826
1	0	0.9195829925998287
1	1	0.1305711606589397
1	1	0.13302822252124813
1	1	0.12963165994677517
1	1	0.1338675586537068
1	1	0.13322345446852468
1	1	0.13476897225655649
1	1	0.13507474251189722
1	1	0.13537815650469365
1	1	0.13356982062233114
1	1	0.1332745517521775
1	1	0.132640237993641
1	1	0.132728498736836
1	1	0.1313318658626339
1	1	0.1374846761922136
1	1	0.13520216817423492
1	1	0.13329308494614744
1	1	0.1304347301964347
1	1	0.13123181365340242
1	1	0.12899226746637094
1	1	0.13350333570588657
1	1	0.1344682268625249
1	1	0.13540415720971188
1	1	0.13220412518624913
1	1	0.13201236670816519
1	1	0.12573449662214686
1	1	0.13126024563295802
1	1	0.1314495971360653
1	1	0.13047219399335652
1	1	0.12995633665650774
1	1	0.13368924943161764
1	1	0.13158270239902847
1	1	0.13817696022507897
1	1	0.1353912401208608
1	1	0.13313881218555157
1	1	0.13488844309086756
1	1	0.13210719552389383
1	1	0.13183887170490238
1	1	0.1314812668032953
1	1	0.13223994435659092
1	1	0.13344724681625253
1	1	0.13401829761400386
1	1	0.1333417401788375
1	1	0.13256460575085194
1	1	0.1308323315407629
1	1	0.3067301960566513
1	1	0.3174331251991578
1	1	0.30603437293055935
1	1	0.2719920116331609
1	1	0.40044653380573614
1	1	0.40007882794252525
1	1	0.2424387682995468
1	1	0.4477296587543689
1	1	0.4301606140577101
1	1	0.2865857774053363
1	1	0.2737256988853355
1	1	0.28349429569022055
1	1	0.35124694386635147
1	0	0.9349894811738869
1	1	0.3061754875552992
1	1	0.2862591141807126
1	1	0.3072110163962979
1	1	0.4413798200027249
1	1	0.26857801795974146
1	1	0.32236064534584297
1	1	0.3869890831340137
1	1	0.28189959429383626
1	1	0.3867561020818472
1	1	0.30574128302231873
1	0	0.9403152701800214
0	0	0.9459206171162102
1	1	0.3453244420441076
1	1	0.3065514802488679
1	1	0.25863644879225833
1	1	0.3405553105722724
1	1	0.2932913355920419
1	1	0.3084695584051984
1	1	0.32098280969759574
1	1	0.34157248198389123
1	1	0.1979873767685877
1	1	0.1955438249610877
1	1	0.21364679021290878
1	1	0.20651558487643917
1	1	0.1892059176385692
1	0	0.885307611430543
1	1	0.1982728380807356
1	1	0.21666572238854775
1	0	0.9270323152379802
1	1	0.21985968172901071
1	1	0.1987842069120318
1	1	0.20036477962774568
1	1	0.21129478277350555
1	1	0.21577578602379077
1	1	0.156998525678545
1	1	0.21119118339859932
1	1	0.20892403730513442
1	1	0.21544690515190024
1	1	0.2137558763997981
1	1	0.2123867360749352
1	1	0.2010928579565393
1	1	0.1969144068689489
1	1	0.19597441806098936
1	1	0.202620600026574
1	1	0.2028377078460255
1	1	0.18382871071311668
1	1	0.21392275270747008
1	1	0.19756547732587537
1	1	0.1473429477813304
1	1	0.20171065778964603
1	1	0.2591269790204358
1	1	0.17401650853705886
1	1	0.2070813332248298
1	1	0.2083114932733522
1	1	0.19265181376767582
1	1	0.2008971741931913
1	1	0.21049589882006015
1	1	0.20051504448395308
1	0	0.9268865093253544
1	1	0.21109964485374555
1	1	0.2247446954713309
1	1	0.196504873015384
1	1	0.20356233902116094
1	1	0.21036407119241096
1	1	0.2098724040572516
1	1	0.15214777244262967
1	1	0.21622051048543256
1	1	0.25387725890083523
1	1	0.21156883927073644
1	1	0.2061256815053646
1	1	0.19474324969810175
1	1	0.22788160882240205
1	0	0.9345355096501585
1	1	0.22508567897123477
1	1	0.19073863879995878
1	1	0.16150568085078
1	1	0.1859296447123695
1	1	0.20995231960264926
1	1	0.1863213546163791
1	1	0.21296438109015836
1	1	0.19720508741717313
1	1	0.23610847035586002
1	1	0.22593716631014227
1	1	0.17907889532212495
1	1	0.20145648447262476
1	1	0.2213904394805155
1	1	0.22679734535261786
1	1	0.20764720939605052
1	1	0.22474245393242676
1	1	0.20241284817838678
1	1	0.2233953657264267
1	1	0.21753936214872238
1	1	0.21069060472858603
1	1	0.19512161219402913
1	1	0.20635988986089837
1	1	0.20509819211550173
1	1	0.2012917649065542
1	1	0.2205359371457375
1	1	0.29201554024794074
0	0	0.9401985989535846
1	1	0.24549612768911167
1	1	0.22054071341321246
1	1	0.23593790877469778
1	1	0.20179463945310094
1	1	0.23176468930789373
1	1	0.21738583359942198
1	1	0.2874193378651031
1	1	0.21710863362532518
1	1	0.1952521895820869
1	1	0.20734391020923704
1	0	0.9309592213377686
1	1	0.22992590192746987
1	1	0.19592311854944244
1	0	0.937992532936643
1	1	0.20896572585691942
1	1	0.21179958647871888
1	1	0.24633586261773932
1	1	0.20791779505748254
1	1	0.21125304522987687
1	1	0.21577639559446793
1	1	0.21242790281857749
1	1	0.2210092870808601
1	1	0.1692795995201729
1	1	0.3307099944008538
1	1	0.33573262199283693
1	0	0.9463260214936237
1	1	0.49980701830887675
1	0	0.5556880910468354
1	1	0.44989598963414157
1	0	0.5038922631998781
1	1	0.44724770155792204
1	1	0.422231887368566
1	0	0.6319403739264289
1	0	0.6495805735042406
1	0	0.5989857581244471
1	1	0.4172025662502603
1	0	0.660867281377036
1	0	0.6197623854576757
1	0	0.6308137323281516
1	1	0.43827868540204395
1	0	0.5615716093576015
1	1	0.48268725140332336
1	0	0.6048363752729213
1	0	0.5660633573207177
1	1	0.4946307627086749
1	0	0.6405336411143885
0	0	0.9458462149042379
1	1	0.3999646465720105
0	0	0.9474527899471492
1	1	0.29964425921208127
1	1	0.15312942259323492
1	1	0.17581104445528528
1	0	0.8809162124429483
1	1	0.18058649189577847
1	1	0.23642455305896537
1	1	0.20705492152417726
1	1	0.2102756621519224
1	0	0.9053572359810353
1	1	0.17631423420392833
1	1	0.2982625457708429
1	1	0.32297038364367037
1	1	0.23020507600484108
1	1	0.19297867617736553
1	1	0.23645925941752644
1	1	0.15950772066216612
1	1	0.17854949897278982
0	0	0.9302317250606941
1	1	0.26545746514410395
1	1	0.24262830119839407
1	1	0.27561437868187777
1	1	0.2750695154116256
1	1	0.3684709457265586
1	1	0.22443015120972354
1	1	0.2051795932681717
1	1	0.3203860567410818
1	0	0.9369625301484964
1	1	0.23924284358053405
1	1	0.15200948138709114
1	0	0.9221795179242447
1	1	0.263220488040773
1	1	0.25114190374492285
1	0	0.9272398475977804
1	0	0.9390238727919176
1	1	0.21969016589752222
1	0	0.9344396034712482
1	1	0.21832071878775905
1	0	0.9352445518482885
1	1	0.1982978740528486
1	1	0.1848997559718718
1	1	0.2441283134793265
1	1	0.17590354716203815
1	1	0.16865146129184672
1	1	0.16669195721133212
1	1	0.16664120583012731
1	1	0.18000403080716054
1	1	0.24239632180126192
1	1	0.2985642803344859
1	1	0.20884990724540597
1	1	0.19759622881607752
1	1	0.2851741227678152
1	1	0.1789477384982342
1	1	0.17545141953042864
1	1	0.23988511097716325
1	1	0.17175134320013885
1	1	0.16412673894136964
1	1	0.19292171053865192
1	1	0.18642610511637214
1	1	0.15714003972887702
1	1	0.18158239606037685
1	1	0.1699684088159512
1	1	0.2258889960763728
1	1	0.17761208109015514
1	1	0.16718271449379962
1	1	0.17050028305664322
1	1	0.2021353064154442
1	1	0.17701451991008388
1	1	0.18782479827839815
1	0	0.9207756824695712
1	1	0.23081954252756587
1	0	0.9263341977243248
1	1	0.1753525982394739
1	1	0.20315287542129745
1	1	0.16061527333369519
1	1	0.3943478252843662
0	0	0.9339230194365998
1	1	0.35065938425570375
1	1	0.3557534841328417
1	1	0.44162777000454423
1	0	0.5045572590132614
1	1	0.33534993152076564
1	1	0.47222855291249555
1	0	0.5169838976576154
1	0	0.9411833400171311
1	0	0.5226088366499899
1	1	0.4921473622075965
1	1	0.38634522187549236
1	1	0.4470865651228053
1	1	0.3965896525178153
1	1	0.3871943378557393
1	1	0.30036506330931534
1	1	0.3238451882888602
1	1	0.40124673336225325
1	1	0.47518352091503124
1	1	0.34100451223574346
1	1	0.44082419928297045
1	1	0.3035500441617489
1	0	0.9424907696748936
1	1	0.3937929741506897
1	0	0.5294963857859571
1	1	0.4421320350394625
1	0	0.9449973422422986
1	1	0.39520407698308946
1	1	0.44210899100689993
1	0	0.5223247988307016
1	1	0.43808279480927426
1	1	0.4846278134102546
1	1	0.37569228657719944
1	1	0.2566838856194663
1	1	0.3481032763839933
1	0	0.9384037371295828
1	1	0.13605225631747353
1	1	0.1384948612124045
1	1	0.13373501331198256
1	1	0.1347314172327191
1	1	0.13677798936573948
1	1	0.13554104539636735
1	1	0.1357523433283102
1	1	0.13336173100733872
1	1	0.14164440906666542
1	1	0.13911854338689267
1	1	0.12817983321992577
1	1	0.14071922644848045
1	0	0.9161644903818535
1	1	0.13943537497621739
1	1	0.1409799353457042
1	1	0.1383120293421879
1	1	0.14025819954139807
1	1	0.1392669248176106
1	1	0.14317239143286864
1	1	0.14147545387817484
1	1	0.1414791766107889
1	1	0.14007182475643476
1	1	0.1397081406679168
1	1	0.1411919603592432
1	1	0.13717066515366505
1	1	0.13671497251346576
1	1	0.1277169141888268
0	1	0.14194398187806545
1	1	0.1419508634542529
1	1	0.1398959989050914
1	1	0.1456842977185865
1	1	0.14045435603362166
1	1	0.13944112866039204
1	1	0.13687462320987265
1	1	0.13507621004476167
1	1	0.13762277305658777
1	1	0.1364542382834797
1	1	0.1335469623882295
1	1	0.13063023738659718
1	1	0.13425866000235187
1	1	0.1353680397758602
1	1	0.139837565417542
1	1	0.13926714881514002
1	1	0.13842375569606924
1	1	0.14797701648295702
1	1	0.14798805532638704
1	1	0.14018869889639196
1	1	0.14582316855403055
1	1	0.14145002526535888
1	1	0.1384232107648259
1	1	0.1338791168231631
1	1	0.13973644555166076
1	1	0.14046226420213814
1	1	0.14130710996013507
1	1	0.1528552780459037
1	1	0.15507752801437802
1	1	0.1330874358769225
1	1	0.14489594844215437
1	1	0.1371132855013254
1	1	0.13677309493209777
1	1	0.19764006987187044
0	0	0.8998980447759048
1	1	0.1397568562396404
1	0	0.5520548386633715
1	0	0.53311740501875
1	0	0.6390897063586942
1	1	0.3454325147307873
1	1	0.4336484244544805
1	0	0.5115328379624408
1	1	0.44282912316707745
1	0	0.5975966657244932
1	0	0.5932457241917442
1	0	0.5555897926063718
1	1	0.3003192442966449
0	0	0.9386819845636936
0	0	0.9488903402634773
1	1	0.472426075602269
1	1	0.4112277999487992
1	0	0.5820130086354038
1	1	0.14396446091135984
1	1	0.1381210071626231
1	1	0.1395640238694713
1	1	0.14479982082063192
1	0	0.9100821844010645
1	1	0.1660046539068104
1	1	0.1454879256175925
1	1	0.16088402692756465
1	1	0.14392472941230017
1	1	0.1448871762213949
1	1	0.14862879272231033
1	1	0.1855190657650263
1	1	0.24670538857529978
1	1	0.1424159563145091
1	1	0.15366579988294682
1	1	0.16140921487202675
1	1	0.1402958464893913
1	1	0.1807502421279431
1	1	0.14262110959555185
1	1	0.13824170370914668
1	1	0.17978618663948942
1	1	0.1418721433810013
1	1	0.14073337540924136
1	1	0.14121875905701975
1	1	0.14312890714141735
1	1	0.19546951152051273
1	1	0.1447002292111086
1	1	0.1388438136898581
1	1	0.13596851898209272
1	1	0.1598491299478798
1	1	0.1591861501860029
1	1	0.14957304915174985
1	1	0.2133381414984603
1	1	0.16356812716354963
1	1	0.15707725343289902
1	1	0.19195527118169275
1	1	0.13456668767363011
1	1	0.14994351619399493
1	0	0.8563727081713906
1	1	0.190435510334365
1	1	0.13864574958186704
1	1	0.14502379252459885
1	1	0.14155238381674573
1	1	0.1782835514493174
1	1	0.13358114557212486
1	1	0.13774334748283412
1	1	0.12974504460933367
1	1	0.14627738929498857
1	1	0.14328583384457316
1	1	0.14067042977321542
1	1	0.14319002866465325
1	1	0.19506539640543819
1	1	0.1319152518908484
1	1	0.17743179228287786
1	1	0.20087662971773634
1	1	0.1421048317161464
1	1	0.13802346735011117
1	1	0.14880698234495604
1	1	0.13293503996488187
1	1	0.13593678428671885
1	1	0.13646867297602283
1	1	0.13556351726641058
1	1	0.13985390371582818
1	1	0.14187202032729496
1	1	0.15084624460417295
1	1	0.14507419606207783
1	1	0.13853785936826135
1	1	0.2089925932364195
1	1	0.1428589761204424
1	1	0.15637526473155383
1	1	0.15725863414813557
1	1	0.2065242594562453
1	0	0.9271533746142646
1	1	0.16924644669120248
1	1	0.1457818962723345
1	1	0.15189766044852038
1	1	0.2326180523297412
1	1	0.1613786283253359
1	1	0.16170604938554956
1	1	0.18409134672805427
1	0	0.9294611350548527
1	1	0.15874773795339692
1	1	0.14910204458900056
1	1	0.15516083316719875
0	0	0.9205193415810768
1	1	0.14631274275766948
1	1	0.1472143164568238
0	0	0.9116580856710865
1	1	0.15966275028294896
1	0	0.9131906055944976
1	0	0.9275542680953185
1	1	0.2558465374873754
1	1	0.15776254619886998
1	1	0.14701380994082036
1	1	0.19872193544504768
1	1	0.1494568964958206
1	1	0.14771474971916077
1	1	0.14828207980213293
1	1	0.14927091926311198
1	1	0.14964550812759836
0	0	0.9326240095312074
1	1	0.1498935598373008
1	1	0.14668709727033313
1	1	0.13940539044310762
1	1	0.12508507351194564
1	1	0.12429672941837189
1	1	0.12532092433100994
1	0	0.7471722765687904
1	1	0.12494515137652062
1	1	0.12477770526129728
1	1	0.1251624976791409
1	1	0.12522134095675197
1	1	0.12235978692460547
1	1	0.12247719468524654
1	1	0.12408157958778099
1	1	0.12418215052938886
1	1	0.12358651356303418
1	1	0.1223467264679492
1	1	0.12445950470197087
1	1	0.1228538713324856
1	1	0.12320091615865592
1	1	0.12479044797224081
1	1	0.12134936655939454
1	0	0.6906893361582443
1	1	0.12194212268473414
1	1	0.12415637737243079
1	1	0.12541380139449065
1	1	0.12545308327250626
1	1	0.12436584515366467
1	1	0.12478086872030658
1	1	0.12494396267503938
1	1	0.12283427310053585
1	1	0.12452375337693844
1	1	0.12496403325136762
1	0	0.7888190939282704
1	1	0.1262486627685767
1	1	0.12691433267238283
1	1	0.1248277613046278
1	0	0.8310842051333335
1	1	0.12486892443809106
1	1	0.12646710719188203
1	1	0.12294676566978668
1	1	0.12893254958375178
1	1	0.12409795629590015
1	1	0.12614376937113625
1	1	0.12606920799507493
1	1	0.12593643024159928
1	1	0.1257937196463481
1	0	0.7745766509141808
1	1	0.1263139075257549
1	1	0.1250578844412017
1	0	0.8026605788556994
1	1	0.1255174812589731
1	1	0.124887914594358
1	1	0.12483191040044306
1	1	0.12466943829452737
1	1	0.1251641676372901
1	1	0.12494650354416115
1	1	0.12464859186624178
1	1	0.12476979649494568
1	1	0.12326004400815282
1	1	0.12528626618363925
1	1	0.12477477487387745
1	1	0.12520750236173073
1	0	0.7889061532253605
1	1	0.1245453230461031
1	1	0.12349541552101262
1	1	0.12711061242470723
1	1	0.1250135048540565
1	1	0.12432940622066402
1	1	0.12358903566453139
1	1	0.12445412476622686
1	1	0.1246737770321189
1	1	0.12446369819228265
1	1	0.12470826020409964
1	1	0.12491075264718954
1	1	0.12501601908970983
1	1	0.12430262931942881
1	1	0.12409443609649029
1	0	0.8554184327441483
1	1	0.12440774572991464
1	1	0.12433659616469006
1	1	0.12532771802527098
1	1	0.1265805909778297
1	1	0.12524499594148608
1	1	0.12586683289136713
1	1	0.12493734294183245
1	1	0.1253780435690922
1	1	0.12558078784905047
1	1	0.1245514685449407
1	1	0.1243862539060584
1	1	0.12565543577565763
1	1	0.12522423673514327
1	1	0.1237995487903022
1	0	0.8549273371113758
1	1	0.12202070914588659
1	1	0.12465724018226121
1	1	0.12415925006563244
1	1	0.1238827620908769
1	1	0.12460728917241515
1	1	0.12491611886885945
1	1	0.1239441041504864
1	1	0.12503953470086537
1	1	0.12305963331191239
1	1	0.12445569881242147
1	1	0.12588877526893705
1	1	0.12488164526812551
1	1	0.12432221055961579
1	1	0.12449860125912138
1	1	0.12214053523465418
1	1	0.12568457171246883
1	1	0.1305242059373889
1	1	0.12416560357197703
1	1	0.1224419210933656
1	1	0.12483707305431246
1	1	0.12474693171312123
1	1	0.12478469649883328
1	1	0.1251710039301116
1	1	0.12431300716477467
1	1	0.12428929615703277
1	1	0.12502238230177742
1	1	0.12437649364471315
1	1	0.12430366015663774
1	1	0.12438677158974598
1	1	0.12444562543906468
1	1	0.12496142170265867
1	1	0.12449958879165957
1	0	0.8902567860097534
1	1	0.13008051401480525
1	1	0.12472136010111534
1	1	0.1247685761327536
1	1	0.12401240339206177
1	1	0.1246305278895139
1	1	0.1246577152274555
1	1	0.12420700757224201
1	1	0.1260148739458512
1	1	0.12201683715970224
1	0	0.8386512530153442
1	1	0.12297372214309732
1	1	0.12333702844894412
1	1	0.1241761256106142
1	1	0.12457121956477923
1	1	0.12462057285330086
1	1	0.12421956520886723
1	1	0.12422683108918553
1	1	0.12439149360190582
1	1	0.12439385437926431
1	1	0.12554944244441513
1	1	0.12462032239336618
1	1	0.125480023118811
1	1	0.1257641609848581
1	1	0.12687852367205366
1	1	0.12919315710075852
1	1	0.12458191644677052
1	1	0.12410648914970268
1	1	0.1231202247793125
1	1	0.12386844943536102
1	1	0.12259651682025163
1	1	0.12370756270955763
1	1	0.12459747764081996
1	1	0.12367463540036494
1	1	0.12193414453000473
1	1	0.12604913309536236
1	1	0.1212715640282308
1	1	0.12390264436885612
1	1	0.12481220735995713
1	1	0.12620326885746558
1	1	0.12295906677725044
1	0	0.7850480612070699
1	0	0.8437359851733707
1	0	0.8945221949085015
1	0	0.851609979577471
1	0	0.8523245755127535
1	1	0.12716850764047327
1	1	0.12621418638978654
1	0	0.8723452186291485
1	0	0.8812179569833055
1	1	0.12734592357776442
1	1	0.12641869254148153
1	1	0.15201958072138066
1	0	0.7856848129457163
1	0	0.8872222201160135
1	0	0.8633939995113089
1	0	0.7966766120791963
1	0	0.864309093442392
1	0	0.8848053710007561
1	1	0.1431382764780358
1	0	0.8846286376707196
1	0	0.7787306008167285
1	0	0.8915746763672721
1	1	0.1272578654793758
1	0	0.9028725306429614
1	1	0.1349108401525031
1	0	0.8969214635422995
1	0	0.8825117069671817
1	0	0.801717644582923
1	0	0.9138695319446706
1	1	0.12758058808950845
1	0	0.8824208852334936
1	1	0.12901695988155892
0	0	0.8992201339651684
1	1	0.12715944111787092
1	0	0.8944260440578439
1	1	0.12940546058896762
1	0	0.8988706582638764
1	1	0.12794767906154336
1	0	0.8930855283792469
1	1	0.13249537887125207
1	0	0.8824255492866966
1	0	0.8738198769463762
1	1	0.1317183085183118
1	0	0.8828088236000415
1	1	0.1284783464826481
1	0	0.8726724609404625
1	1	0.1332974486241153
0	0	0.8832422827921239
1	1	0.12809751121781565
1	0	0.865242420647123
1	1	0.13310319683082783
1	0	0.8832482620213288
1	1	0.1282855930762381
1	0	0.8685616054246665
1	1	0.1331470346551693
1	0	0.8833418060519685
1	1	0.12829007564531603
1	0	0.8703698039956546
1	1	0.13304852451927607
1	0	0.8833418060519685
1	1	0.12829007564531603
1	0	0.8703698039956546
1	1	0.13304852451927607
1	0	0.8833418060519685
1	1	0.12829007564531603
1	0	0.8703698039956546
1	1	0.13304852451927607
1	0	0.8833418060519685
1	1	0.12829007564531603
1	0	0.8703698039956546
1	1	0.13304852451927607
1	0	0.8833418060519685
1	1	0.12829007564531603
1	0	0.8703698039956546
1	1	0.13304852451927607
1	0	0.8833418060519685
1	1	0.12829007564531603
1	0	0.8703698039956546
1	1	0.13304852451927607
1	0	0.8833418060519685
1	1	0.12829007564531603
1	0	0.8703698039956546
1	1	0.13304852451927607
1	0	0.8833418060519685
1	1	0.12829007564531603
1	0	0.8703698039956546
1	1	0.13304852451927607
1	0	0.8833418060519685
1	1	0.12829007564531603
1	0	0.8703698039956546
1	1	0.13301672257739028
1	0	0.8827469872174707
1	1	0.12798228229511166
1	0	0.8709675549833439
1	1	0.13318334996068493
1	0	0.8811141677792301
1	1	0.12834365134869208
1	0	0.8754482377085311
1	1	0.13381682725951194
1	0	0.8811620724450245
1	1	0.1280824952073586
1	0	0.8670068793120074
1	1	0.13252256966683018
1	0	0.8822918350093557
1	0	0.8726357333200254
1	1	0.13102310593849942
1	0	0.8796114438334903
1	0	0.8679175709931081
1	1	0.13321473919030757
1	0	0.8750734098938947
1	1	0.12791251363847222
1	0	0.8616923752468303
1	1	0.1332919558097192
0	0	0.8812174770713898
1	1	0.12814472369524554
1	0	0.866129078139681
1	1	0.13276005196742802
1	0	0.8828954644621483
1	0	0.8571781623650521
1	1	0.1306942353025633
1	0	0.8796889162643009
1	0	0.889715852789013
1	1	0.13531726943931
1	0	0.884764047136702
1	1	0.12821942355893057
1	0	0.8984332118464902
1	1	0.13665708048701253
1	0	0.8758343403367417
1	1	0.12729707651712174
1	0	0.8728738182169868
1	1	0.1341473704751316
1	0	0.8820751938449758
1	1	0.12832183923112406
1	0	0.8991095657496905
1	1	0.1344708416755237
1	0	0.8863493570945594
1	0	0.892613674618317
1	0	0.879875067028726
1	1	0.12718975988157577
1	0	0.8596627495532843
1	1	0.134055053821586
1	0	0.8718101520976198
1	1	0.1277984907841433
1	0	0.8529206043854309
1	1	0.13386090592882105
1	0	0.8890733312574266
1	1	0.12814749035715556
1	0	0.8622420203466429
1	0	0.8700313019397871
1	0	0.8465947092392325
1	1	0.13055051294494768
1	0	0.8736436002249965
1	1	0.12844176496262405
1	0	0.852332487272258
1	1	0.13640825811332868
1	0	0.875303531775128
1	0	0.839040310547968
1	1	0.1296662145383497
1	0	0.8704303651450461
1	0	0.850415968119077
1	1	0.12928620697298676
1	0	0.8724958849050232
1	0	0.8855021988704153
1	1	0.1311341350775861
1	0	0.8669628045072477
1	0	0.8871212669013279
1	1	0.13152921088078262
1	0	0.8769602840649046
1	1	0.1264990980205396
1	0	0.8891950235870831
1	1	0.1266275865544787
1	0	0.8677755714031883
1	0	0.8881996055841404
1	1	0.1289292804069898
1	0	0.8724633649280411
1	1	0.126530301124811
1	0	0.8893288913269695
1	1	0.128807687984823
1	0	0.8720124784829943
1	0	0.8383731930523088
1	1	0.12988745124704737
1	0	0.8703688040016601
1	0	0.8448229208628784
1	1	0.12931459731218897
1	0	0.8731611155445291
1	1	0.12662705132860064
1	0	0.8878256297189501
1	1	0.13026324507759346
1	0	0.8706904722063239
1	0	0.8859859355207556
1	1	0.13250870441638796
1	0	0.8773964980026638
1	1	0.1271492885290736
1	0	0.881994523576535
1	1	0.13089292145758868
1	0	0.8782790323790372
1	1	0.1317988622474222
1	1	0.1258974520720273
1	0	0.8474047873831622
1	1	0.1313184169071654
1	0	0.8904659837721515
1	0	0.8775830761383474
1	1	0.13042259970396752
1	0	0.8883847979033084
1	1	0.1270324902460872
1	1	0.12550584184045033
1	1	0.12804485390508302
1	0	0.8374389067854945
1	0	0.8573631391858859
1	1	0.12578230533254398
1	1	0.18393927772527796
1	1	0.18588273470677052
1	1	0.1722042842298377
1	1	0.16501865916141145
1	1	0.16225679519936764
1	1	0.16007012568087853
1	1	0.1832120594347395
1	1	0.16199094133111758
1	1	0.16877617952030555
1	1	0.15250013258109185
1	1	0.1570484669353872
1	1	0.15161707912230493
1	1	0.15469090468055358
1	1	0.1660853898684147
1	1	0.15558558367598008
1	1	0.15042261148677516
1	1	0.16446007482701586
1	1	0.19774407815655626
0	0	0.922886780556117
1	1	0.24136131138506
1	1	0.16372902129347355
1	1	0.17866452556481782
1	1	0.18637008944087163
1	1	0.18615564192320766
1	1	0.17398504960264805
1	1	0.19356859406431004
1	1	0.22300301213940377
1	1	0.18177879133210362
1	1	0.16573405129026353
1	1	0.18382953635608834
1	0	0.9294036141546149
1	1	0.1807292696590933
1	0	0.93458298271561
1	1	0.19717248767728468
1	1	0.16631769551517883
1	1	0.1613712818889339
1	1	0.16520098537054895
1	1	0.1572899355423263
1	1	0.1534082012548783
1	1	0.15154180337615974
1	1	0.15773750617066895
1	1	0.160228084626862
1	1	0.17360824279845755
0	0	0.9296151695248905
1	1	0.1617719837837941
1	1	0.18541048634783708
1	0	0.9322439590420986
1	1	0.17317163249709
1	1	0.15988386274711086
1	1	0.15378189360874084
1	1	0.1934501804456672
1	1	0.21827202843584304
1	1	0.17237285192621443
1	1	0.2300671377373903
0	0	0.9156560069718642
1	1	0.16958155905107586
1	1	0.16899607748162304
1	1	0.14510998784062634
1	1	0.17286190257332312
1	1	0.1629471661966937
1	1	0.14964044488190442
1	1	0.15968541472870013
1	1	0.14786589789800508
1	1	0.1625886139961239
1	1	0.1738128714615773
1	1	0.1595309982924733
1	1	0.14825628392284596
1	1	0.1575613169023503
1	1	0.14196806082042035
1	1	0.13853366468748873
1	1	0.1484918913293617
1	1	0.1710304101372958
1	1	0.18538625705024647
1	1	0.15950680278927887
1	1	0.15679137608352423
1	1	0.18626576067235834
1	1	0.16419374471743042
1	0	0.9274538288748551
1	1	0.16720505240019623
1	1	0.161435310043618
1	1	0.20606981281966585
1	1	0.16068151254792107
1	1	0.16235738731028204
1	1	0.15330388022182673
1	1	0.1360585928968292
1	1	0.1485420343962386
1	1	0.15404921461177756
1	1	0.13511543711085972
1	1	0.16202789699942755
1	1	0.14964508671115961
1	1	0.163858976089592
1	1	0.14029341669732498
1	1	0.1689041288206733
1	1	0.16624856919685627
1	1	0.16139288273107866
1	1	0.16070188948945374
0	0	0.9053261126667681
1	1	0.14148504119539418
1	1	0.21155362113900555
1	0	0.9306598171498962
1	1	0.20490675673583447
1	1	0.26523695439644523
1	1	0.1925586573275585
1	1	0.15374048373478533
1	1	0.13798878017438032
1	1	0.16096924681425417
1	1	0.21037513635954252
1	1	0.19691497321131912
1	1	0.26287343986091494
1	1	0.1929320987736891
1	1	0.17823088202678783
1	1	0.1415226113072533
1	1	0.19779681137754324
1	1	0.18250052713760745
1	1	0.18130332496402612
1	1	0.17175816985573278
1	1	0.13701863887556454
1	1	0.14562741657282074
1	1	0.14312200963340005
1	1	0.1997327422080758
1	1	0.1455047715678971
1	1	0.14758577830786124
1	0	0.9234138237049111
1	1	0.14270251693440406
1	1	0.13718299137257273
1	1	0.20834790350981158
1	1	0.1357446976417105
1	1	0.1425967039331425
1	1	0.18457321673782534
1	1	0.1935129762104919
1	1	0.1411150226053225
1	1	0.18140843997735578
1	1	0.14567220340131215
1	0	0.9243393352070418
1	1	0.2009780122896001
1	1	0.1614391427823747
1	1	0.2009663011237559
1	1	0.14379906758790273
1	0	0.9335765284879752
1	1	0.2033611828906854
1	0	0.9304305745796742
1	1	0.1599545875534546
1	1	0.2055185544270759
1	1	0.20791075845076856
1	1	0.1842388268384636
1	1	0.15564807336007125
1	1	0.1661240088664827
1	1	0.17397498373110865
1	1	0.14369377420492335
1	1	0.204348120025571
1	1	0.13801098379136434
1	1	0.20617811885426407
1	1	0.14459311812816522
1	1	0.14251856331420953
1	1	0.21725487580250424
1	1	0.1473117883635079
1	1	0.18161014168672662
0	0	0.9361603618530412
1	1	0.13548975117351847
1	1	0.14117817952456002
1	1	0.15914107402719646
1	1	0.16740322636514704
1	1	0.14997450012129232
1	1	0.1616559209541215
1	1	0.15792013869708998
1	1	0.1723609024354572
1	1	0.16138281460566994
1	1	0.17809004400426975
1	1	0.15654936842994116
1	1	0.1635704626653579
1	1	0.18627017405801582
1	1	0.16139120875502844
1	1	0.1802056964832328
1	1	0.16544235075767966
1	1	0.1658112715785568
1	1	0.17951836939778798
1	1	0.17021390399955139
1	1	0.16950228665012812
1	1	0.18582880478847386
1	1	0.2133221999204039
1	1	0.18508870124048626
1	1	0.21842567528427936
1	1	0.1815298579783623
1	1	0.21398722191717923
1	1	0.17382248549579316
1	1	0.18394659620371445
1	1	0.23451996658592578
1	1	0.20070269135167307
1	0	0.9352350008411155
1	1	0.15042812065057942
1	1	0.17861748980491288
1	1	0.15852936206894963
1	1	0.16331710343657124
1	1	0.16639070308700887
1	1	0.15558146187168487
1	1	0.15936672596419232
1	1	0.16240770493823398
1	1	0.14482738276327145
1	1	0.15225201167632074
1	1	0.1466662501737488
1	1	0.13231580246276664
1	1	0.14789991904014488
1	1	0.14643184827916556
1	1	0.2000035887681293
1	1	0.15896758182680193
1	1	0.18150882013540914
1	1	0.2035749522357717
1	1	0.19587024127750952
1	0	0.9311544050521855
1	1	0.18819088495728475
1	1	0.1677817040920384
1	1	0.17193525825798717
1	1	0.18830083091239924
1	0	0.9216499626763273
1	0	0.8989170723186183
1	1	0.19630620061769843
1	1	0.18258331629809288
1	1	0.16292526391590711
1	1	0.19456255094248953
1	1	0.17494904825040802
1	1	0.16541824892445567
1	1	0.1776562125850124
1	1	0.1543111334570767
1	1	0.1691509790550627
1	1	0.16836566830947597
0	0	0.9330055778594173
1	1	0.24701086749603218
1	1	0.1706058279117857
1	1	0.15791884672148904
1	0	0.9070991920953414
1	1	0.18638531099300593
1	1	0.23833079280400382
1	1	0.17794840047835814
1	1	0.18901150955097112
1	1	0.18086967129913267
1	1	0.1588262583419855
1	1	0.22866888819923903
1	1	0.18237178260869968
1	1	0.15859732930695625
1	1	0.15623417298687192
1	1	0.16526812655593126
1	1	0.1595857077930356
1	1	0.18194369806994748
1	0	0.9297027682426077
1	1	0.14588445313593723
1	1	0.15510212967518822
1	1	0.15667238500436553
1	1	0.16440399182232035
1	1	0.15582189926384993
1	1	0.16197749407030326
1	1	0.1424795515012668
1	1	0.15347579229610797
1	1	0.1497878529540445
1	1	0.1655084850597478
1	1	0.16545628455846595
1	1	0.14904385965643796
1	1	0.16468395671738867
1	1	0.16771161838082882
1	1	0.16340961558089329
1	1	0.15682388691278137
1	1	0.15505933928126725
1	1	0.15799730409994406
1	1	0.1991288823090459
1	1	0.15969523369636462
1	1	0.17010687232369326
1	0	0.9182344669803528
1	1	0.16505960512178497
1	1	0.1564189634442683
1	1	0.145885133413444
1	1	0.16863527321793692
1	1	0.15806780433031098
1	1	0.17118260941444507
1	1	0.16447018097320332
1	1	0.15726752969859314
1	1	0.15800501663480715
1	0	0.8969674238073655
0	0	0.9293752384353999
1	0	0.9406084530596615
1	1	0.2818891441205559
1	1	0.3554931098773201
1	1	0.27788573561654784
1	1	0.42163434983926906
1	1	0.25630583148091624
1	1	0.23364341715092574
1	1	0.2529236465360505
1	1	0.22889887393513164
1	1	0.3302828251071799
1	0	0.9382815480559548
1	1	0.23585321911773816
1	1	0.22194252397415848
1	1	0.3756736876137473
1	1	0.18994352638658618
1	1	0.23805476435774398
1	1	0.2960176679708707
1	1	0.2774760860685048
1	1	0.3505481142682537
1	1	0.3669713551916862
1	1	0.23370733508254715
1	1	0.26235570372447825
1	1	0.345265654905865
1	0	0.9355886571429974
1	1	0.3256024403244192
1	1	0.2807297979902399
1	1	0.36898157304604273
1	1	0.36540884354406555
1	1	0.33295465886041287
1	0	0.9406453604197684
0	0	0.9464242680563869
1	1	0.3948800737267043
1	1	0.3686653550294793
1	1	0.384614049800866
1	1	0.2701903153751366
1	1	0.3498210419215877
1	1	0.24321789738081334
1	1	0.23227971584947738
1	1	0.20152533047124532
1	1	0.23571024429282683
0	0	0.9401069149752251
1	1	0.25008475171318323
1	1	0.35682048665818356
1	1	0.3054925723943265
1	1	0.38670339550219346
1	1	0.4684016857376986
1	0	0.9449862325207956
1	0	0.5349357686836442
1	1	0.36812377871482305
1	1	0.42448878771547804
1	1	0.3886725477981051
1	1	0.4509204851145153
1	0	0.9485449176475886
1	0	0.5364606133100622
1	0	0.9458651555338214
0	0	0.9392400509881339
1	1	0.381551537214748
1	1	0.4317086415130649
1	1	0.36020584549642276
1	1	0.49879978105031175
1	0	0.9467383458292886
1	1	0.32878410200517183
1	0	0.5722495151865687
1	0	0.9478040199125835
1	1	0.38773796862327525
1	1	0.470493681164338
1	1	0.4303712855700119
1	1	0.3404242502178716
1	1	0.39289028382898916
1	1	0.31931918355851185
1	1	0.3439089402980392
1	1	0.45520204708961143
1	1	0.49612257385890146
1	1	0.2969548934557372
1	1	0.46315477811272776
1	0	0.9468667058283559
1	1	0.44540370703137466
1	1	0.38250423390468735
1	0	0.9431459880346655
1	1	0.3069542239441725
1	1	0.3355067600550744
1	1	0.3917299122510429
0	0	0.9465424322594318
1	1	0.30611742490549465
