true_y	pred_y	pred_probe
1	0	0.7949652589208787
1	0	0.7623198012749917
1	0	0.634349990058835
1	0	0.9337973554746483
1	0	0.7221499701319405
1	0	0.8395461023714654
1	0	0.9193785713273241
1	0	0.8791727988900381
1	0	0.8458260681601507
1	0	0.8832759807855162
0	0	0.9013157663157356
1	0	0.5479477212451062
1	0	0.802681163900941
1	0	0.8837595454782488
1	0	0.704311774765388
1	0	0.7545909997729981
1	0	0.8754133020976813
1	0	0.879997758378172
1	0	0.5020948600938796
1	0	0.7240528267339869
1	0	0.798304762228834
1	0	0.679413518369341
1	0	0.6431757193650747
1	0	0.5812198820523791
1	0	0.515064880240294
1	0	0.5645016903401434
1	0	0.897714270496985
1	0	0.9414479786783752
1	0	0.8771835724361157
1	0	0.6180053218065235
1	0	0.9303006846193987
1	0	0.9388086795414657
1	1	0.38995829248269265
1	1	0.4254111564514289
1	0	0.7717628688145166
1	0	0.9125073537627254
1	0	0.8578752550518096
0	0	0.6640611877964174
1	0	0.7621785209254006
1	0	0.8485125160012426
1	0	0.728416763816232
1	0	0.7143895994605844
1	0	0.9121577944388585
1	0	0.7961758871138377
1	0	0.7998165604019893
0	0	0.945517256543803
1	0	0.8943103500399149
1	0	0.9352058443688714
1	0	0.9104355226066767
1	0	0.9216691836076674
1	0	0.8908367278583069
1	0	0.9405271302619255
1	0	0.9120332323102671
1	0	0.7979134311850209
1	0	0.7517313487305739
1	0	0.7647939712688564
1	1	0.4779780203058537
1	0	0.9407791468662084
1	0	0.8075102907577749
1	0	0.5411545972530111
1	0	0.7931386859081371
1	0	0.8442807333196714
1	0	0.606858460714559
1	0	0.7532497999980806
1	0	0.8190779150338672
1	0	0.7373574669398345
1	0	0.6018392543786477
1	0	0.6796834906843885
1	0	0.8429478195235407
0	0	0.6917974251170829
0	0	0.9328387459776761
1	0	0.6573416089022159
0	0	0.8761347649283517
1	0	0.7416312695587164
1	0	0.7318955643078869
1	0	0.8627276430128801
1	0	0.8436343494258404
1	0	0.8526494971178366
1	0	0.88196674325563
1	0	0.7189420419784578
1	0	0.8899841677462919
1	0	0.524831085089692
1	0	0.9452612401911666
1	0	0.7669177551978977
1	0	0.789492606966227
1	0	0.5852851179266856
1	0	0.5929705023970611
1	0	0.645689623437198
1	0	0.7623434900305641
1	0	0.7711177977840655
1	0	0.6805543643280743
1	0	0.6983683894078516
1	0	0.694387856055265
1	0	0.920914622629943
1	0	0.8622499096648037
1	0	0.9367296123912596
0	0	0.9428517598546875
1	0	0.9321191281878974
1	0	0.8435488496103001
1	0	0.8548615152685384
1	0	0.835323547218124
1	0	0.7446328574912331
1	0	0.8698760036638412
1	0	0.8062847590917526
1	0	0.856185078121569
1	0	0.7463707135729193
1	0	0.8897458470157218
1	0	0.879748086604495
1	0	0.7326714909347386
1	1	0.4711529958215932
1	1	0.3679289455581787
1	1	0.28683462797740233
1	0	0.5382917162495267
1	1	0.41676376953114347
1	0	0.6920444955461922
1	1	0.3806692726342792
1	0	0.5896344195231737
1	0	0.6600249359979988
1	1	0.42941630904371764
1	0	0.7959204959621765
1	1	0.376959865212773
1	0	0.640602877226823
0	0	0.7987889505488264
1	1	0.4126514964315201
1	0	0.8982121424104222
1	0	0.579515888182593
1	1	0.36685608629469457
1	0	0.5892792267735152
1	0	0.5288562978792954
1	1	0.4966474968377276
1	0	0.817284002053438
1	0	0.6553634074296416
1	0	0.8346329997482356
1	0	0.7345192304806805
1	0	0.6129775841302526
1	1	0.4576445629312783
1	0	0.7010019576068092
1	0	0.5064915969371362
1	0	0.8174328812319256
1	0	0.7229244250317708
1	0	0.5333296815115554
1	0	0.6215916812660485
1	0	0.7988339234380869
0	0	0.9036722208966805
1	0	0.6107499522365087
1	1	0.4093498746018496
1	0	0.5351913752783152
1	1	0.341519767534763
1	0	0.717038005582353
1	0	0.9374414472176634
1	0	0.6244896839711302
1	0	0.8920133542744604
1	0	0.8876139310816833
1	0	0.5718205067934364
1	0	0.5154287024695795
1	0	0.7963202115511925
1	0	0.5553593003464258
1	0	0.7027928150852292
1	0	0.6251675624951564
1	0	0.5878466646947736
1	0	0.5115422667329406
1	0	0.7140063970667887
1	0	0.5559574287873291
1	0	0.7735367989428108
1	0	0.619236422615607
1	0	0.657733029292831
1	0	0.635096977482448
1	0	0.5272820934694611
1	1	0.26519738263794634
1	1	0.4180944372933465
1	1	0.3380244671401833
1	1	0.35411446393298995
1	0	0.7759293256857305
1	1	0.08673747197324078
1	1	0.088965189319409
1	1	0.11159151930223354
1	1	0.12689956111339706
1	1	0.08638360375282017
1	1	0.10757817284482463
1	1	0.08541228710746751
1	1	0.10396792718676628
1	0	0.7830033302959785
1	1	0.08675860183371142
1	1	0.10068792352837586
1	1	0.263482648210157
1	1	0.08604283704571958
1	1	0.11979129483139261
1	1	0.1112991002671827
1	1	0.08571874971976834
1	1	0.09845458458606715
1	1	0.12177309145723769
1	1	0.10551108439358492
1	1	0.08955048875130378
1	1	0.13703794489813415
1	1	0.10502085431330521
1	1	0.10603486799475093
1	1	0.08460964296798046
1	1	0.09060666477583834
1	1	0.08567988947923455
1	1	0.09477900043981924
1	1	0.17445042651789666
1	1	0.08520787474008717
1	1	0.09305243048552958
1	1	0.12679814229718966
1	1	0.08662457547528801
1	1	0.11287408937433163
1	1	0.08664181119369507
1	1	0.11752771162840847
1	0	0.6306152308748347
1	1	0.08639314606076787
1	1	0.08675225324517188
1	1	0.18986163509950982
1	0	0.675295007938074
1	1	0.11961505752287982
1	1	0.11759103174662766
1	1	0.09937940749001095
1	1	0.09513487431330436
1	1	0.16065216469931398
1	1	0.08693453950221564
1	1	0.08424710411547343
1	1	0.08527830878929621
1	1	0.1802622115251442
1	1	0.09473426826443498
1	1	0.19489588164335303
1	1	0.10635924250035389
1	1	0.10993388976928842
1	1	0.18209948963080647
1	1	0.08887942254665726
1	1	0.09101985467435536
1	1	0.11565115079522459
1	1	0.10455006952327395
1	1	0.10235210113172333
1	1	0.13357611002181602
1	1	0.09680852014801156
1	0	0.5502377663205327
1	1	0.11880265672360268
1	1	0.11750141189122942
1	1	0.09107007456553429
1	1	0.17494037032754295
1	1	0.18653385201878403
1	0	0.6427901483464966
1	1	0.17465737303526296
1	1	0.1085227199742218
1	1	0.09140032314123114
1	1	0.19799392052307507
1	1	0.084479601303032
1	1	0.08498655502471641
1	1	0.10039081413562112
1	1	0.1089082843658149
1	1	0.1060801197888177
1	1	0.08480159094335926
1	1	0.1383637305740354
1	1	0.12509064471993803
1	1	0.11646704044928846
1	1	0.1119107676043416
1	1	0.1764060311010026
1	1	0.33829806719144706
1	1	0.13265597879670177
1	0	0.610098664838147
1	0	0.5549125571027673
1	1	0.23351074605654265
1	1	0.17014219226059102
1	1	0.18132565545852763
1	1	0.46159878071527805
1	0	0.6450472996845029
1	1	0.18683050558500824
1	1	0.3956275932791501
1	1	0.41079705046847326
1	1	0.1850898371479055
1	1	0.09509077803339083
1	1	0.10241264128640637
1	1	0.21698123765322097
1	0	0.5108797189502025
1	0	0.6251919800854855
1	1	0.243321512220256
1	1	0.11274599263522533
1	1	0.11061969028442742
1	1	0.08647585724442608
1	1	0.16090851830963082
1	1	0.10604313806593924
1	1	0.09603755626685861
1	1	0.3159837771637043
1	1	0.0982532075572069
1	1	0.10678790932596283
1	1	0.13184513643981566
1	1	0.29317926525646454
1	1	0.2498773637374696
1	1	0.42349384072627416
1	1	0.13057428240142543
1	1	0.08418320611848373
1	1	0.10682260506845731
1	1	0.11471565745232426
1	1	0.14045706397028102
1	1	0.2171138463854554
1	1	0.14026182030616396
1	1	0.10891866579894671
1	1	0.11468896546413376
1	1	0.4284095865527021
1	1	0.17429704019517278
1	1	0.08467765287948414
1	1	0.1105074995545583
1	1	0.13642587785004545
1	1	0.1586866960246488
1	1	0.10312484407768652
1	1	0.10656554631980941
1	1	0.3381284435946442
1	1	0.11342126733089597
1	1	0.08826558011403873
1	1	0.1035707052195236
1	1	0.17133622659555026
1	1	0.15357865015123762
1	1	0.08555847789853299
1	1	0.09156942514615485
1	1	0.084887901798817
1	1	0.08671955384089691
1	1	0.14236519882410015
1	1	0.1293720791241615
1	1	0.09164319540665944
1	1	0.40863017749723185
1	1	0.08982133685277238
1	1	0.20611681282974492
1	1	0.16900741658491925
1	1	0.11916778561481145
1	1	0.08992068657099272
0	1	0.2832470993287499
1	1	0.1023418722267544
1	1	0.16411546350207074
1	1	0.09064696981140064
1	1	0.0861524664802914
1	1	0.25431668671081986
1	1	0.14557174564231468
1	1	0.48140106490671153
1	1	0.08602058752896002
1	1	0.08749895120434659
1	1	0.2089204918444969
1	1	0.10054116255879164
1	1	0.08514150590453784
1	1	0.1372826799061877
1	1	0.36345615380059215
1	1	0.206677020216116
1	1	0.11281059308634966
1	1	0.12374043310009253
1	1	0.09246020907343133
1	1	0.1112894410678329
1	1	0.08806561923530076
1	1	0.08954532600995291
1	1	0.09012778402887311
1	0	0.5767622361007825
1	1	0.19852160620906856
1	1	0.08676569154638114
1	1	0.09308532816530068
1	1	0.09375142401368342
1	1	0.1081801668537622
1	1	0.11067035107897971
1	1	0.08513128189245067
1	1	0.2402598048735224
1	1	0.1679900115409768
1	1	0.22994798052941856
1	0	0.6415531027736329
1	1	0.2526998580935278
1	1	0.27262870202380207
1	1	0.09933648697742581
1	1	0.3981277345957063
1	1	0.34655735741251936
1	1	0.1064896869867713
1	1	0.09798776101800355
1	0	0.5604809609823496
1	1	0.0843198760210806
1	1	0.08459564304282308
1	1	0.13163022940383795
1	1	0.09587006363567363
1	1	0.0847185978132119
1	1	0.11066099204443047
1	1	0.08647041076735418
1	1	0.13754944071578135
1	1	0.4698677767302507
1	1	0.1608579870083222
1	1	0.12834225834541113
1	1	0.08698548829694974
1	1	0.13836343196697132
1	1	0.09912656504734041
1	1	0.12753312960881702
1	1	0.13590768031617517
1	1	0.08594699023670826
1	1	0.11054855673849062
1	1	0.09237561370083514
1	1	0.1285245997747776
1	1	0.12986053352436755
1	1	0.25022289876957493
1	1	0.08907362237500194
1	1	0.09485823862813336
1	1	0.09073272970806578
1	1	0.08925816922690899
1	1	0.09552042714850828
1	1	0.08537463935488887
1	1	0.1663872850487611
1	1	0.08640916528358455
1	0	0.8778862470464678
1	1	0.16553975431780088
1	1	0.14756922197266398
1	1	0.3424764130795538
1	1	0.20185628114574528
1	1	0.3772306058043151
1	1	0.12673843558945264
1	1	0.2795544603943222
1	1	0.2857847425950246
1	1	0.32751991654722257
1	1	0.1493627665888777
1	1	0.215806125393466
1	1	0.12566254190470172
1	1	0.1644852329950044
1	1	0.1319608805874536
1	1	0.12170722511575016
1	1	0.10290233091932488
1	1	0.09087885560967479
1	1	0.0853828268491621
1	1	0.08531695565622144
1	1	0.17536964035586333
1	1	0.12354559482169547
1	1	0.08444400109287242
1	1	0.11358379976727262
1	1	0.09925064455776822
1	1	0.09904348208984515
1	1	0.11151047917796486
1	1	0.08878343756412277
1	1	0.0851141304516918
1	1	0.11444647908025585
1	1	0.09398700564474838
1	1	0.10401247147946857
1	1	0.09467448115781063
1	1	0.2844809867717092
1	1	0.220705250048014
1	1	0.2307650125992663
1	1	0.109397065033084
1	1	0.20863008410464057
1	1	0.08973988157323065
1	1	0.10067327081986854
1	1	0.12227164683883662
1	1	0.08633835103178811
1	1	0.09854998819638794
1	1	0.2987628982470749
1	1	0.11318472070951846
1	1	0.13021286859387782
1	1	0.09085779335735711
1	1	0.10359893378309792
1	1	0.11862408774528366
1	1	0.08808458561252552
1	1	0.08670659083926102
1	1	0.14049737745861313
1	1	0.25103906719208935
1	1	0.09723313891472707
1	1	0.09303989990452899
1	1	0.11357517977993181
1	1	0.08563183971526722
1	1	0.0981406091757665
1	1	0.0998435350199407
1	1	0.09357926424576413
1	1	0.17921477007032005
1	1	0.10369954689382
1	1	0.09975140383413394
1	1	0.09649715629262179
1	1	0.10039082019405388
1	0	0.5175030541897956
1	1	0.1438748748176022
1	1	0.2317369666394764
1	1	0.09183147246540768
1	1	0.10067071371852365
1	1	0.10628387271463913
1	1	0.09081178927775013
1	1	0.10094625355624465
1	1	0.12596213906199716
1	1	0.16976597651244119
1	1	0.2357327584368174
1	1	0.1163633054281148
1	1	0.0975933422247206
1	1	0.1081379954447278
1	1	0.10461921932411744
1	1	0.4802450082602078
1	1	0.15546772219397453
1	1	0.09420304756431253
1	1	0.10311471428824459
1	0	0.592280159646031
1	1	0.2256600436923345
1	1	0.08806904419458661
1	1	0.08519013607753168
1	1	0.1057402358623476
1	1	0.20642958765356423
1	1	0.08534680760897817
1	1	0.0867099133670588
1	1	0.09254241185982448
1	1	0.12826335159875912
1	1	0.2131932303120555
1	1	0.22262817925368605
1	1	0.2098102601795352
1	1	0.1773393909406823
1	1	0.16944777492045193
1	1	0.09728534027979197
1	1	0.08656544890831752
1	1	0.10676601685735854
1	0	0.6963352518851513
1	1	0.10714136961166942
1	0	0.8858457685971062
1	1	0.08692356106063681
1	1	0.0861158424219266
1	1	0.09436175190750085
1	1	0.09147418865703882
1	1	0.08488357219226583
1	1	0.1145697636799704
1	1	0.09704166109029155
1	1	0.1760629198108531
1	1	0.11164749105011529
1	1	0.19657461079916438
1	1	0.08603338624716039
1	1	0.08601319146273756
1	1	0.08636589462543587
1	1	0.09829398483007701
1	1	0.11904061565768564
1	1	0.08668678214728343
1	1	0.13977556405249114
1	1	0.09823398838711461
1	1	0.10396292370697502
1	1	0.1270105707064456
1	1	0.25073553723022934
1	1	0.10224131728382013
1	1	0.09927572713823862
1	1	0.09768725246058085
1	1	0.10139708447085605
1	1	0.09402525858805888
1	1	0.11602342711533609
1	1	0.12629826480629902
1	1	0.16153421466629758
1	1	0.1365537549142315
1	1	0.10401523723797568
1	1	0.1753839355280281
1	1	0.10328982771594608
1	1	0.10166460619207596
1	1	0.0900438586273925
1	1	0.10889087503696515
1	1	0.08529487086115461
1	1	0.08660830437799405
1	1	0.08557707296543116
1	1	0.10806398970274311
1	1	0.3151800165408444
1	1	0.16853550146895657
1	1	0.411242605134027
1	1	0.4120997224742169
1	1	0.14257020165159007
1	0	0.5335237042808844
1	1	0.39042514658066574
1	0	0.7910962702402471
1	1	0.3814510088844837
1	1	0.19351372808250777
1	1	0.3292936778515897
1	1	0.18587559382759655
1	1	0.2357987499160652
1	1	0.20973760695995403
1	0	0.5458304805346337
1	1	0.2751904701506831
1	1	0.2708691980581417
1	1	0.23856757816959606
1	1	0.49610238359686465
1	0	0.8482023333939259
1	0	0.5537227449101214
1	1	0.4101195826953028
1	0	0.655536577084449
1	0	0.5277152868207515
1	0	0.8981113718445646
1	1	0.2800724608605206
1	1	0.3375308193102188
1	1	0.22774293368199572
1	0	0.5607390866784552
0	1	0.23837041893533284
1	1	0.32748273711628073
1	0	0.663879712538474
1	0	0.5729247487155271
1	1	0.4755480021263524
1	0	0.5359913528372279
0	1	0.26230626739107943
1	1	0.3851813135334745
1	1	0.3165610013856919
1	1	0.25483101272619146
1	1	0.33186376867601663
1	1	0.3640251409682461
1	1	0.23452056921452336
1	1	0.4257825074554282
1	0	0.6819572358682603
1	1	0.3605919257889755
1	1	0.3890006326976302
1	0	0.5611443845338261
1	1	0.48666170399832265
1	0	0.8229856362856989
1	1	0.4700637522218625
1	0	0.7080415627706873
1	1	0.31809101777890936
1	0	0.6166901514967355
0	1	0.24421935282999097
1	1	0.30585585829072726
1	1	0.4728863272863022
1	1	0.4651925578132817
1	1	0.49726981915505386
1	1	0.30301122361054467
1	1	0.32811795888265416
1	0	0.6547893501774424
1	1	0.18362961627624363
0	0	0.5016168482250893
1	0	0.893313632582955
1	1	0.4916770722310757
1	1	0.4083365931453622
1	1	0.48520734634836904
1	0	0.5741856865288907
1	0	0.5586359940964787
1	1	0.4417018184082304
1	1	0.17972536638440884
1	1	0.34454414653044396
1	0	0.5736762710708513
1	1	0.25893236209415915
1	1	0.3024029327380894
1	0	0.6602245328961744
1	1	0.31387398786066967
1	0	0.5118189075234443
1	1	0.29074778207315144
1	1	0.18636948057081548
1	1	0.17693875950431248
1	1	0.18735930373367715
1	1	0.2733744325623342
1	1	0.2664543467382312
1	1	0.3033602424929095
1	0	0.9320722553817271
1	1	0.2145238173049947
1	1	0.29608908906710285
1	1	0.17116939040986057
1	1	0.3331513907516953
1	1	0.3174178470856607
1	1	0.2519942674784602
1	0	0.829351313901135
1	0	0.6756044923844264
1	0	0.5898567065488936
1	0	0.5245598136800455
1	0	0.8083010955995451
1	1	0.3174527940031774
1	0	0.5631694742487714
1	0	0.8359993361028907
1	0	0.8169405134430744
1	0	0.6036354080789399
1	0	0.6211423053213473
1	1	0.4440634168087013
1	0	0.8668287137379767
1	0	0.874093074065771
1	0	0.8651201053638603
1	0	0.5377358284477043
1	0	0.8243153969248356
1	0	0.7961086751879605
1	0	0.8981250435442554
1	0	0.9113180993930441
1	0	0.7485454241580195
1	0	0.8781050693253847
1	0	0.7450273878653486
1	0	0.5040739949357009
0	0	0.8910777107477136
1	0	0.8436881690159546
0	0	0.9284686341165186
1	0	0.8453275690433499
1	0	0.5477201888409133
1	0	0.6096501202835238
1	0	0.728005962409382
1	0	0.6490499784722727
1	0	0.8141012475107882
1	0	0.8901251309492265
1	0	0.9032106507962963
1	0	0.7903094681573067
1	0	0.7375090379273588
1	0	0.8027978447981317
1	0	0.7348729571201631
1	0	0.6685854290227728
1	0	0.6291773053432583
1	0	0.7286654414281679
1	0	0.9399764409874067
1	0	0.7487727981798238
1	0	0.5363775697333867
1	1	0.31062877064462247
1	1	0.2794351358502455
1	1	0.32143742466662606
1	1	0.28696415370621164
1	1	0.4407640983802191
1	0	0.5897979348553748
1	0	0.6010397930069769
1	0	0.6517106600029123
1	0	0.6079878892892447
1	0	0.55595637624727
1	1	0.49883773754514094
1	0	0.6594109027045112
1	1	0.39844862460850505
1	1	0.49371270791801136
1	0	0.6805521399670297
1	0	0.7568835033138737
1	0	0.8971262572616379
1	0	0.6566055387860065
1	0	0.9136912295307082
1	0	0.6748600703474237
1	0	0.6415072414307886
1	0	0.8337359280101756
1	0	0.8541387577917523
0	0	0.8815407404880197
1	0	0.7583649271614838
1	0	0.8082770663325614
1	0	0.7798597331348788
1	1	0.418995277848475
1	0	0.5615185176980919
1	0	0.7955900054477344
1	0	0.6374564732163917
0	0	0.8893214235876621
1	0	0.779453291414109
1	0	0.9116705005666711
1	0	0.793151072601896
1	0	0.7218395417645649
1	0	0.6678355594243235
1	0	0.5062587486768669
1	1	0.47381873710182687
1	1	0.4581783896799557
1	0	0.6888952453949206
1	0	0.6768075697127129
1	0	0.8021378072390527
1	0	0.6520156658591222
1	0	0.7614863249534517
1	0	0.5775370032040235
0	0	0.9416593652612233
1	0	0.9091353512455854
1	0	0.9219528843245872
1	0	0.8553347856596645
0	0	0.9340012256243112
1	0	0.8142154176291838
1	0	0.9342465796707127
1	0	0.9330342715513557
1	0	0.8946560672751803
1	0	0.9040061852749155
1	0	0.9138058912017708
1	0	0.8596747741862601
1	0	0.9174360580392927
1	0	0.747609306052329
1	0	0.8118034306018163
1	1	0.490236738129727
1	1	0.39261892481628735
1	0	0.9331084826317192
1	0	0.5064413521209105
1	1	0.36831432433836764
1	0	0.9227763688494439
1	0	0.5027757327434973
1	1	0.2477035367272551
1	1	0.4757487956761022
1	1	0.4306673817810016
1	1	0.27673970907753465
1	1	0.42951793039520825
1	0	0.5560541391672149
1	1	0.3087480472597566
1	1	0.23333534792062727
1	1	0.3398591754950244
1	1	0.21648797071831294
1	1	0.3427604223251469
1	1	0.29692777776171086
1	1	0.33645490929100597
1	1	0.2608484547334091
1	1	0.3154047685370742
1	1	0.3193757346614431
1	1	0.27725546504391585
1	1	0.24949571913762558
1	1	0.2821274340924248
1	1	0.2516583467897512
1	1	0.3068553396247149
1	1	0.3255510777383569
1	1	0.4364763176048191
1	1	0.48033123714982195
1	1	0.4446136502745347
1	1	0.3966994214422559
1	1	0.18837981292544814
1	0	0.6019606800750749
1	0	0.7055342606163242
1	0	0.5243795329755163
1	0	0.5863563340160118
1	1	0.4737405602974063
1	0	0.5186309940050853
1	1	0.48619081351445226
1	1	0.27310657372242897
1	1	0.3886622656765385
1	0	0.6420612758553483
1	1	0.4653397088009338
1	1	0.3050287450721828
1	0	0.8236918792625102
1	1	0.22354089709109204
1	1	0.20763219365837893
1	1	0.15121677780422638
1	1	0.26486826341238656
1	1	0.3597089206188321
1	1	0.39533552396331406
1	1	0.3179766014142309
1	1	0.41351736373004355
1	1	0.2348907001527748
1	1	0.4282154715070233
0	0	0.683216378482119
1	0	0.8956838368447518
1	0	0.5993180127758684
1	1	0.4649131385131485
0	0	0.6739054093699843
1	0	0.8261641362058753
1	1	0.17513690207414356
1	1	0.4640234883282215
1	0	0.8215953524417718
1	0	0.6757047695797376
1	1	0.440935605879066
1	1	0.24182996949900926
1	1	0.22765492970021317
1	1	0.2529483291150141
1	1	0.22640695086368423
1	1	0.3981056873927139
1	0	0.832383158394408
1	1	0.30723997700637806
1	0	0.7244348371872443
1	1	0.35215959452521484
1	1	0.30230248921823777
1	1	0.4693674629950648
1	1	0.37240069474106996
1	1	0.420634631318641
1	1	0.27717139686149506
1	0	0.6309043398233924
1	1	0.40577438492765583
1	1	0.29044332925869587
1	1	0.3909879979203209
1	0	0.7924737786758362
1	0	0.5972845100906932
1	0	0.5474511837680627
1	1	0.42992374251187115
1	1	0.3685078520994858
1	0	0.5191815887272799
1	1	0.34162343119229654
1	1	0.28332769057145346
1	1	0.20792394490919375
1	1	0.31658510904296744
1	1	0.2597861681045307
1	1	0.23394451530491256
1	1	0.2657269130462896
1	0	0.7824302628530957
1	1	0.34061996131484495
1	1	0.20277551478694433
1	1	0.11131528539412772
1	1	0.11622442658905374
1	1	0.16432486500103916
1	1	0.1363766768242073
1	1	0.23436327571402227
1	1	0.10241803206775002
1	1	0.10261002927824625
1	1	0.40204442091987846
1	1	0.12469443158379967
1	1	0.16877359596585528
1	1	0.08659375744926445
1	1	0.13313123843837305
1	1	0.18612159861512578
1	1	0.12352306344993469
1	1	0.09020956723369189
1	1	0.14768810399335086
1	1	0.13957691280243523
1	0	0.5504149978278046
1	1	0.2118746887334768
1	1	0.23893553271317403
1	1	0.08827905602869157
1	1	0.11424155581526896
1	1	0.14058837176349548
1	1	0.15693634517021526
1	1	0.2160430350230964
1	0	0.6115068254979033
1	1	0.10665158765919602
1	1	0.3663483658162495
1	1	0.09635656098582879
1	1	0.21733686286075637
1	1	0.254935030212184
1	1	0.15555515029297096
1	1	0.11096416695304268
1	1	0.09427338894686343
1	1	0.18800611352696572
1	1	0.1068166829437408
1	1	0.225539463316358
1	1	0.12371698638854656
1	1	0.1795970167208042
1	1	0.10229810697844766
1	1	0.12227320744947778
1	1	0.2932901025777789
1	1	0.46392184942174763
1	1	0.15647077568898937
1	1	0.09574948981541853
1	1	0.1766635202228517
1	1	0.19282649347275438
1	1	0.09403061473494456
1	1	0.08686421527827382
1	1	0.217696426982939
1	1	0.10859315036397765
1	1	0.11066595431322523
1	1	0.12051913114793167
1	1	0.09362567858826532
1	1	0.11039636713009293
1	1	0.10319574979938895
1	1	0.10731670134963445
1	1	0.09145543083686625
1	1	0.08792178126153882
1	1	0.10516717807993281
1	1	0.45660296648419996
1	1	0.12909750084462734
1	1	0.09324601078755967
1	1	0.10831685031190819
1	1	0.0975680805556759
1	1	0.2905087165775534
1	1	0.3220580413333398
1	1	0.2547613763420854
1	1	0.3637470487829322
1	1	0.22316248468196243
1	1	0.10178378183818015
1	1	0.084992311518862
1	1	0.08427507887972419
1	1	0.10274783000230114
1	1	0.09573867627205357
1	1	0.10229440771513254
1	1	0.09817963307178823
1	1	0.14839652659997227
1	1	0.09631109687006567
1	1	0.09012889187980122
1	1	0.14221621709033572
1	1	0.09076811731311785
1	0	0.5431026054875772
1	1	0.39887088507508883
1	1	0.12743173120205964
1	1	0.18349193556803312
1	1	0.09955692182620723
1	1	0.14272474212998776
1	1	0.12442260054311705
1	1	0.13917689132646383
1	1	0.12591948313981238
1	1	0.14979848140640406
1	1	0.09773283172677871
1	1	0.08983187792279368
1	1	0.09336897647863185
1	1	0.18482226035973703
1	1	0.12875694247692593
1	1	0.12357447396048327
1	1	0.11066494394237492
1	0	0.5166836578552998
1	1	0.14747348165478158
1	1	0.19602718599257918
1	1	0.16330965703785216
1	1	0.11751278457613024
1	1	0.12953119828815018
1	1	0.09214666693537799
1	1	0.13112788506811257
1	1	0.09057546722725385
1	1	0.10413752942030774
1	1	0.17221230591200143
1	1	0.2234379605540323
1	1	0.14469655533357484
1	1	0.1154979761318361
1	1	0.10536752751746647
1	1	0.09554074752900643
1	1	0.13749584313323526
1	1	0.16988833139175785
1	1	0.09965861833016476
1	0	0.8415598916909791
1	1	0.15445073504279583
1	1	0.09846355584495758
1	1	0.25062515732881785
1	1	0.15387224008915779
1	1	0.20343242032068543
1	1	0.18420631434996626
1	1	0.08468413556339982
1	1	0.10927055339338765
1	1	0.10511572416123571
1	1	0.11129758928805111
1	1	0.09709327405206714
1	1	0.12539326337572487
1	1	0.19508676665923186
1	1	0.1433988505593875
1	1	0.13733702633275224
1	1	0.11443886633527411
1	1	0.14219695889172268
1	1	0.15273452719347647
1	1	0.08683582488297892
1	1	0.09841337330137823
1	1	0.08869109216268956
1	1	0.09664971523441512
1	1	0.11151798336318752
1	1	0.16198660100159545
1	1	0.11847298015336272
1	1	0.14395698397169387
1	1	0.11719934737631921
1	1	0.24412847043449837
1	1	0.11151503016074182
1	1	0.11737983312093403
1	1	0.08850724185331116
1	1	0.13201431922528162
1	1	0.14456605339174333
1	1	0.08805862809315412
1	1	0.09912044556202226
1	1	0.11387445071381908
1	1	0.10968158008127826
1	1	0.21699858496493551
1	1	0.1837061754871211
1	1	0.1018052453968612
1	1	0.18093246790434891
1	1	0.20846876898058742
1	0	0.803493045736978
1	1	0.18548100390916333
1	1	0.30710189674132604
1	1	0.15669510320152313
1	1	0.0970709749132811
1	1	0.11487059279308076
1	1	0.15395119141314229
1	1	0.323265373366844
1	1	0.20681929450305736
1	1	0.09862286705611933
1	1	0.25898864726531656
1	0	0.8370272132358865
1	1	0.2036696628291217
1	1	0.4237976068389169
1	0	0.5011153612512893
1	1	0.10477167457653125
1	1	0.28492498676582523
1	0	0.6000327374177096
1	1	0.22374690563693966
1	1	0.11204380194587615
1	1	0.13218410050437368
0	0	0.6661102843087454
1	1	0.16937277230339187
1	1	0.1859495086423273
1	1	0.114124317913748
1	1	0.15848149826498104
1	1	0.17599705049056813
1	0	0.8030075059537289
1	1	0.17173165675354274
1	0	0.8211170683838065
1	1	0.21365384383775332
1	0	0.8006730607863382
1	1	0.09178960337853559
1	1	0.11525474183948581
1	1	0.09344019510518775
1	1	0.22495596131641982
1	1	0.11919788257283304
1	1	0.15620897951989432
1	0	0.6947108900952355
1	1	0.162219737910982
1	1	0.09145300143513557
1	1	0.10995067231917777
1	1	0.17048491298811652
1	1	0.09550035571403792
1	1	0.08638894091010119
1	1	0.13428177769374372
1	0	0.6244969301324887
1	1	0.3157727368241945
1	1	0.14915519264570898
1	0	0.7394757372803396
1	1	0.18517176033326077
1	1	0.1396909021970335
1	1	0.18374242534072982
1	1	0.2405340667736271
1	1	0.09072537379512668
1	1	0.12391115324164848
1	1	0.10396870669172631
1	1	0.10299261261753523
1	1	0.22282179464481144
1	1	0.17920271016007583
1	1	0.14739664529312235
1	0	0.5076247306752839
1	1	0.2766512008086285
1	1	0.3019038908980993
1	1	0.1354965398570056
1	1	0.0991259109474536
1	1	0.13870694090950975
1	1	0.20615671531258772
1	1	0.15265910354771806
1	1	0.17306346669508477
1	1	0.09903314783002992
1	1	0.16343670870716853
1	1	0.12818004472157396
1	1	0.14479021312277107
1	1	0.11817189776604586
1	1	0.10984999757942526
1	1	0.10526078951523976
1	1	0.1844290893297852
1	1	0.12778378358531084
1	1	0.3988566606232349
1	1	0.14588812522529826
1	0	0.8444266540884924
1	1	0.17087057700793484
1	1	0.16686722781531804
1	1	0.14985848580251127
1	1	0.1253630159778084
1	1	0.13712592105255128
1	1	0.21496237252779804
1	1	0.10647192518860926
1	1	0.18575548965198563
1	1	0.14314688700293854
1	1	0.11883897358779272
1	1	0.2328029208586112
1	1	0.10963420972618465
1	1	0.16435011083583062
1	1	0.13596648619644847
1	1	0.1957902099620783
1	1	0.09369354784228734
1	1	0.11547499807307116
1	1	0.13529939944459413
1	1	0.13352082678596222
1	1	0.1169135850680747
1	1	0.14415315619856195
1	1	0.21186135263705752
1	1	0.17087097701757048
1	1	0.1142507295335059
1	1	0.1237202102403363
1	1	0.178581130610302
1	1	0.13582108595120912
1	1	0.3328364140130702
1	1	0.10332329708002574
1	1	0.13546270228242563
1	1	0.10262756984086807
1	1	0.3434364462909181
1	1	0.45841150503043915
1	1	0.4755215923324413
1	1	0.1662656133046062
1	1	0.2768535151198651
1	1	0.22055454474281388
1	0	0.9185784363723419
1	1	0.09501393713124118
1	1	0.09308529814058275
1	1	0.17561143868332807
1	1	0.2388219522913838
1	1	0.0917633277683938
1	1	0.14946810111252395
1	1	0.39117360701163106
1	1	0.25661260205512104
1	1	0.3693613692988038
1	1	0.1578297865324979
1	1	0.09144430178427265
1	1	0.1842258654325274
1	1	0.1909812725736202
1	1	0.15532431656331613
1	1	0.19073410872268926
1	1	0.29082900686664415
1	1	0.09386035012542382
1	1	0.15203240968431797
1	1	0.0889938322684195
1	1	0.11628127633424312
1	1	0.32651744738002586
1	1	0.4976415657943474
1	1	0.17082742915510618
1	1	0.11646195177611673
1	1	0.1446031143480111
1	1	0.08659557410313001
1	1	0.11784720598164344
1	1	0.12338779557593793
1	1	0.09684160631083683
1	1	0.10138756186492504
1	1	0.19109545605190215
1	1	0.15264013480273686
1	1	0.21308545388112465
1	1	0.11306117825812223
1	0	0.9017946065891085
1	1	0.4434693883922015
1	1	0.47802592425634916
1	1	0.14114723611448754
1	1	0.34774817089011334
1	1	0.19187096907969203
1	1	0.17321394936808943
1	0	0.8678715149791154
1	1	0.11746801830287679
1	1	0.15648659041622515
1	1	0.14680745643149207
1	1	0.08981961301400188
1	1	0.14277443922023736
1	1	0.17812298436458118
1	1	0.14788993425543162
1	1	0.42312819140069624
1	1	0.2525026479128074
1	1	0.24469167716729856
1	0	0.9088291598506056
1	1	0.24914708531764795
1	1	0.2704025018063111
1	1	0.12082917877620036
1	1	0.21543834994043698
0	0	0.9280354179038691
1	0	0.8611561689302106
1	1	0.3916102710012641
1	1	0.3766456499891021
1	1	0.10455711939830636
1	1	0.2144281887738515
1	1	0.16116211924816348
1	1	0.18078878059078085
1	1	0.4048750863849422
1	0	0.52621423629551
1	0	0.7597349161233724
1	1	0.24951300801627718
1	1	0.3994878404163129
1	1	0.1553580215446182
1	1	0.12332972361087191
1	1	0.42456966140432917
1	1	0.2445362558954156
1	1	0.2977568714543163
1	0	0.7624869177364716
1	1	0.22633650089505508
1	1	0.10300597770698683
1	1	0.11362302645456768
1	1	0.12241811922606727
1	1	0.3823701102716829
1	1	0.15908002639554397
1	1	0.3132904136098079
1	1	0.2152198131832489
1	0	0.7860037444310333
1	1	0.31499490985230205
1	1	0.16366101550807433
1	0	0.8401821850961821
1	1	0.35169679501187945
1	1	0.13131199824238626
1	0	0.9131680087045941
1	1	0.2100009441386772
1	1	0.14282694956128317
1	1	0.1643153111054806
1	1	0.09303025920719876
1	1	0.31567723136229653
1	1	0.1097763694270798
1	1	0.10569923704345763
1	1	0.10446743459073027
1	1	0.23021433079525044
1	1	0.21564585253646595
1	0	0.7787121932763066
1	1	0.17929652472220936
1	1	0.1848322364609607
1	1	0.25844262870202617
1	1	0.19849576416816428
1	1	0.1334507628231424
1	0	0.8208682198098582
1	1	0.2002481707831767
1	1	0.1305389783637645
1	1	0.16610717886210846
1	1	0.14386518401325965
1	1	0.14439614548457858
1	1	0.11918241755031411
1	1	0.2868409816165409
1	1	0.1050324606349694
1	1	0.15807846090566002
1	1	0.28326888672638795
1	1	0.20679261596699894
1	0	0.8845241077934208
1	0	0.8867154807933959
1	1	0.34691699772310913
1	1	0.141213841288935
1	1	0.09490693329941546
1	1	0.12658840375372749
1	1	0.4796487643985631
1	0	0.5426532986806044
1	0	0.8014499347174181
0	0	0.9418428752738195
1	0	0.8261170070222048
1	0	0.7988768620196341
1	0	0.7854138402156086
0	0	0.9328198794006252
1	0	0.9092443161343776
1	0	0.7496606398952868
1	0	0.8814946800130028
0	0	0.8808630888541984
0	0	0.865486904613944
1	0	0.6429540103420281
1	0	0.8606903479885051
1	0	0.7011091047278588
1	0	0.8476022712251262
1	0	0.9162395887747082
1	0	0.7280675631142146
1	0	0.8024250539509368
1	0	0.9076149789143837
1	0	0.871069865586483
1	0	0.8640646837406905
0	0	0.7484887374466942
1	0	0.8748028294527542
1	0	0.8815651485374115
1	0	0.7100361917400921
1	0	0.5450493619812835
1	1	0.3576385281429678
1	0	0.5020174184585822
1	1	0.40899937137555376
1	1	0.48760898975883094
1	0	0.5790630429103081
1	0	0.7635142940866453
1	0	0.7710495151281623
1	0	0.886392248666701
1	0	0.7208478090667338
1	0	0.7363788651319854
0	0	0.8717334092135145
1	0	0.6067121334135613
1	0	0.642907306867624
1	0	0.9379575077720761
1	0	0.8486169544838631
1	0	0.7575353747105253
1	0	0.8566603100156615
1	0	0.8341207552141404
1	0	0.8747034482382815
1	1	0.3495780462760958
1	0	0.833486672377334
1	0	0.8506473240066219
1	1	0.4115059188010669
1	0	0.9298151697612812
1	0	0.6314050552129582
1	1	0.306174744342126
1	0	0.7021480025016471
1	0	0.5457922644220669
1	0	0.9196506358158507
1	0	0.7857585876813389
1	1	0.22328265160497351
1	1	0.41202625186693276
1	0	0.8502274989551151
1	1	0.41733986012633195
1	0	0.6888966793177254
1	0	0.6535461117007655
1	0	0.8503551767364279
1	0	0.9239468367845063
1	1	0.3443423322645377
1	1	0.3592046834073659
1	0	0.593707900889413
1	0	0.9029891929184491
1	0	0.9066364722633635
1	1	0.21507493932706678
1	0	0.6128009562885581
1	0	0.6416430684643324
1	1	0.4004006823890145
1	1	0.3423184303137867
1	0	0.6061935257676871
1	0	0.8175363946280043
1	0	0.7115474791647798
1	0	0.7865486807333042
1	0	0.7703349587820711
1	0	0.5242280307295228
1	0	0.845705435803626
1	0	0.5605299062119099
1	0	0.6698458739216252
1	1	0.46854496332449025
1	0	0.5286637239889842
1	0	0.5159815293911065
1	0	0.6072996776433792
1	1	0.45711278148913836
1	1	0.4820633711110184
1	0	0.6518579196239629
1	1	0.4653357789989151
1	0	0.9244065957797875
1	0	0.5602819600551239
1	0	0.7235558725760791
1	1	0.315760838569735
1	0	0.5403050371645433
1	1	0.4928531092509115
1	1	0.27092820779012616
1	0	0.8595379873096674
1	0	0.8405161988414384
1	0	0.8719714418506467
1	0	0.5084176569249499
1	0	0.638402119643666
1	1	0.3707368082257513
1	1	0.45764894105119336
1	1	0.45403188301376074
1	1	0.2607767434910876
1	0	0.8135803343593919
1	0	0.5677654041719336
1	1	0.4098405525601596
1	1	0.20266181265842909
1	0	0.6102688441021022
1	0	0.6551136087720656
1	0	0.9008774507657425
1	0	0.8891082100497025
1	1	0.2741172590228429
1	0	0.6214401883394568
1	1	0.24160771048573126
1	1	0.4000268660008546
1	1	0.3131513436298644
1	0	0.6231789147366934
1	0	0.520821290549499
1	1	0.1930849590034751
1	1	0.4875191454313018
1	0	0.5221159011457679
1	1	0.44974906866280584
1	1	0.46574562992400703
1	0	0.689926278691374
1	1	0.21843277768860814
1	1	0.3639878616231419
1	0	0.690199310360086
1	0	0.8797096869553528
1	1	0.33561659496285245
1	0	0.5217946884571578
1	0	0.60593425788759
1	0	0.629131495752355
1	0	0.5061342812345047
1	0	0.5289959662512449
1	0	0.6357145814218685
1	0	0.7327107083820501
1	1	0.45052147111475493
1	0	0.936539213407232
1	0	0.7821060842109093
1	0	0.6745546167994286
1	1	0.43029606106973795
1	0	0.629642125426742
1	0	0.5688519053398755
1	1	0.25731097080521814
1	1	0.1811752925212129
1	1	0.3421753570217888
1	1	0.4914044736078744
1	1	0.4568227362066608
1	0	0.6455172438096675
1	1	0.42160471097733354
1	1	0.42890968382276495
1	0	0.840225780689476
1	0	0.6407221729916268
1	1	0.4917925909693682
1	0	0.8451459246807218
1	1	0.4026961753135029
1	0	0.5341190904531409
1	0	0.7199919842275131
1	0	0.7250691522281945
1	1	0.2398147099327823
1	1	0.3287304813605547
1	0	0.5492896803502845
1	1	0.28031710595358783
1	1	0.35145855485721234
1	0	0.5219524059737308
1	1	0.4465417119433067
1	0	0.5741770516367126
1	0	0.5898777625269359
0	0	0.9378187117572475
1	0	0.9301024276804902
1	0	0.6548403204248916
1	0	0.575335429412678
1	0	0.6384392946198413
1	1	0.29703742529056965
1	0	0.9198672916211259
1	1	0.3087524040618046
1	0	0.8349468973839116
1	1	0.45926588977599125
1	1	0.39696399774901225
1	0	0.7941647645855106
1	0	0.541843968168609
1	0	0.8689905465613774
1	0	0.6348853907922707
1	0	0.6947206533631598
1	1	0.2583316174410262
1	0	0.8692338295063062
1	0	0.705674642952357
1	0	0.6865445913464512
1	0	0.6329038842432533
1	0	0.7304409905273891
1	0	0.8830043486140655
1	0	0.8998293994817899
1	0	0.8323004492571773
1	0	0.7647079992244354
1	0	0.6814768236768514
1	1	0.35913965757833555
1	1	0.3169509501455323
1	0	0.5200827932706691
1	1	0.4822918193644541
1	0	0.8881581453754908
1	0	0.6907243222595177
1	0	0.8516387306608711
1	0	0.6748253849565325
1	0	0.7341371072269595
1	1	0.49896090076627464
1	0	0.919738212333259
1	0	0.8800361724662998
1	0	0.6112886920380158
1	0	0.8782560483392226
1	1	0.48608303467729774
1	0	0.5855499217342284
1	0	0.679562110487282
1	0	0.7497314638934724
1	0	0.6529079953438581
1	0	0.5696657314658293
1	0	0.7491320174462721
0	0	0.9446618573774891
1	0	0.7221386038977408
1	0	0.7859175093814756
1	0	0.7006199527144819
1	0	0.9117584060689385
1	0	0.6057764961958279
1	0	0.6646114665061964
1	0	0.9313368120624582
1	0	0.6170837934666451
1	0	0.675130871888907
1	0	0.6310907973085702
1	0	0.7619672279008809
1	0	0.701441622719713
1	1	0.4908024030210608
1	0	0.5882287168854259
1	1	0.44440499376092046
1	0	0.6893797036717142
1	0	0.8947332014928546
1	0	0.7759104663025964
1	0	0.6099432847593843
1	0	0.7074066915801489
1	0	0.6220165717798989
1	0	0.7368083539221746
1	0	0.78067313750361
1	0	0.5455576942113529
1	0	0.773418063654
1	0	0.9345208724805378
1	0	0.9307908162486784
1	1	0.48766952142687325
1	0	0.8876832766028281
1	0	0.7892602316848982
1	0	0.6305416416731877
1	0	0.6747672020149742
0	0	0.8078898846029292
1	0	0.895103642728889
1	0	0.7260249416563935
1	0	0.8336778521003321
1	0	0.7369930260043074
1	0	0.6543176847631076
1	0	0.71313521281315
1	0	0.892201789825728
1	0	0.9376037566448442
1	0	0.6356550424332484
1	0	0.5081627273318519
1	0	0.7003812197214672
1	0	0.7886302366315513
1	0	0.7150902663213776
1	0	0.752580451955153
1	0	0.6692635710205455
1	0	0.5794147218332946
1	0	0.506646955953988
1	1	0.19810846475053911
1	1	0.3775132481276464
1	1	0.32786309527471236
1	1	0.2127655333699331
1	1	0.18340644290914854
1	1	0.3439913846138276
1	0	0.9320101520523952
1	1	0.3947934863712933
1	1	0.2619644855721046
1	1	0.3898200845668709
1	1	0.2790975675694134
1	1	0.19562408438618684
1	0	0.8458945908866992
1	0	0.6031977781652653
1	1	0.26212227968593116
1	1	0.3397154377722392
1	1	0.1786422564139345
1	1	0.1371040396973926
1	1	0.22029434951371862
1	0	0.5943518423746331
1	1	0.198775631486366
1	1	0.12072898817803557
1	0	0.8217780359204707
1	1	0.25564812371737045
1	1	0.3976333534042792
1	1	0.44761116062211503
1	1	0.40877442376857454
1	1	0.28697661290625054
1	1	0.24532076807961178
1	0	0.7110750043483836
1	0	0.691231034997853
1	1	0.38087801735500904
1	1	0.19662131124257276
1	1	0.3055696632457463
1	0	0.876838748075135
1	1	0.18684449378968415
1	1	0.1688486022263811
1	0	0.5220700959276272
1	1	0.165790425588629
1	1	0.2783087376693848
1	1	0.3456445227024796
1	1	0.299213932421018
1	1	0.38757241414309906
1	0	0.8670998858879663
1	1	0.23376745460662285
0	0	0.9396271391130608
1	0	0.5068528615685133
1	1	0.2687820721450457
1	1	0.13127153761339483
1	1	0.17932335540446298
1	1	0.3099486443284645
1	1	0.40831020864626233
1	0	0.8615695892984346
1	1	0.2956425452332868
1	1	0.14801790118551628
1	1	0.14298051997126404
1	1	0.2970057112697625
1	1	0.32986365668310913
1	0	0.6059452225956627
1	1	0.45199911569114914
1	1	0.24253469313220855
1	1	0.429596971744169
1	1	0.32865198898972237
1	1	0.45610498436576874
1	1	0.3044748358253736
1	0	0.5648738827283796
1	0	0.9283942554947581
1	1	0.27044429214188814
1	1	0.24661186419469283
1	1	0.21387790809803897
1	0	0.9178673764274834
1	1	0.3817879356249896
1	1	0.14331755357492681
1	0	0.590553288792213
1	1	0.44794084221208474
1	1	0.31839220951031877
1	1	0.23626520176312393
1	1	0.10414203459854576
1	1	0.15540653829043194
1	1	0.17755122479829233
1	1	0.18219025062517358
1	1	0.3704557957860619
1	1	0.25803530080764925
1	1	0.13734619319515207
1	1	0.29526278464512545
1	0	0.5393288879602856
1	1	0.2598812499886667
1	1	0.21927958947126103
1	1	0.260025813148677
1	1	0.20745050651263575
1	1	0.3080143759111357
1	1	0.2242659265679231
1	1	0.26955050723434393
1	1	0.20085368028056072
1	1	0.4714238210521192
1	1	0.2999594558725689
1	0	0.661153773154548
1	1	0.3559160142911224
1	1	0.19834808444805463
1	1	0.3696076990407523
0	0	0.9266947352740883
1	1	0.22783706745871046
1	1	0.20588697068110884
1	1	0.18424490905628943
1	1	0.1484429122564399
1	1	0.12287855187703689
1	1	0.14581685690004542
1	1	0.3405817118734168
1	0	0.6776844017953334
1	0	0.6345673724056198
1	0	0.608058615056337
1	1	0.46502088164996447
1	0	0.6687348781296427
1	1	0.4112821392320376
1	0	0.5912855751134986
1	0	0.6633202771661189
1	1	0.4658668810747242
1	0	0.7571591946460831
1	1	0.4205439335206944
1	0	0.7884228342437829
1	1	0.29177021397468506
1	0	0.7502648186836655
1	0	0.7798673455408193
1	1	0.2767156358250158
1	1	0.3592431242144014
1	0	0.5604809434022833
1	0	0.6976098162128159
1	0	0.552197751791023
1	0	0.7573474110654985
1	1	0.4461608094231073
1	0	0.5986649630677148
1	0	0.8307435997757302
1	1	0.4060578488419174
1	1	0.39816137642214144
1	0	0.543887755050279
1	0	0.8901296778100412
1	1	0.498538043358998
1	0	0.5031733579301068
1	1	0.46585515908476205
1	0	0.6073321142649497
1	0	0.6723755264053741
1	1	0.22859904523991303
1	0	0.6897968892425943
1	0	0.6057712723769413
1	1	0.4136463709719368
1	1	0.4369115900192463
1	1	0.38511584070688787
1	0	0.7569452308038574
1	0	0.5716516409026934
1	1	0.4424490369792259
1	1	0.24550237476791725
1	0	0.5912130719072997
1	1	0.32154199986039367
1	1	0.48136023877360223
1	0	0.8664686636778433
1	0	0.7317530740974667
1	0	0.8458864250162461
1	0	0.916567793491927
1	0	0.8070841677313078
1	0	0.5422893261108613
1	0	0.7192665037855481
1	1	0.28080809433503084
1	0	0.5634611744855527
1	0	0.8960097685613402
1	0	0.782986738131668
1	0	0.8207039516347927
1	0	0.8756601493970354
1	0	0.5450038974341167
1	1	0.34288192599029166
1	1	0.4711527804182074
1	1	0.24754502379342103
1	0	0.5260997985956652
1	1	0.30835135261607594
1	1	0.381116785031552
1	0	0.7211382020804485
1	0	0.6020822517877797
1	0	0.8034209224777092
1	0	0.5746048750939687
1	0	0.666338196050462
1	1	0.2684516243824052
1	1	0.30115323609817657
1	1	0.40101235517634515
1	0	0.7990980139003653
1	1	0.47888420731040193
1	0	0.5786836526325463
1	0	0.5751921117294332
1	1	0.4057773802191873
1	0	0.6973290535628993
1	1	0.4078385837516708
1	1	0.1631920216199736
1	0	0.5432177080147855
1	1	0.4952983092771993
1	0	0.5139466374721999
1	0	0.5095492975967091
1	0	0.7155127236504568
1	1	0.24998607074137746
1	1	0.4732086234730083
1	0	0.6671465125592532
1	1	0.35764074315109406
0	0	0.8429243665322399
1	0	0.7343604484267655
1	1	0.489630545101694
1	0	0.6307535417684491
1	1	0.4272982990354943
1	1	0.3420981222396021
1	1	0.24152518453248983
1	1	0.4512514859784641
1	1	0.31070880003118195
1	1	0.28218748826480056
1	1	0.44112939999918666
1	1	0.37679964075591477
1	1	0.41342587972567
0	0	0.9331019484517129
1	0	0.9084942939032691
1	0	0.5926270747459461
1	0	0.7947740376663782
1	0	0.6850578181578966
1	0	0.9115717176620275
1	0	0.6568695031793759
1	0	0.8006171483429845
1	0	0.7348462007248285
1	0	0.9053177299848411
1	0	0.8395085654510088
1	0	0.673350061358934
1	0	0.6169329167806066
1	1	0.40286777791007855
1	0	0.9360836658642472
1	0	0.9406302961913504
1	1	0.34093240229057475
1	0	0.8445735949701417
1	0	0.6517938945357478
1	0	0.6771821701305423
1	1	0.38496714382581154
1	0	0.9391384282631593
1	0	0.6266981151500322
1	0	0.54209904392737
1	0	0.7242872272259102
1	1	0.48993897919412555
1	0	0.8089062907340201
1	0	0.8803881173179611
1	0	0.770256863396458
1	1	0.4259932960197689
1	1	0.44614833449040214
1	0	0.9319714367489352
1	0	0.6937016940590757
1	0	0.8319197821742103
1	0	0.7275348285466898
1	0	0.9287341784189521
1	1	0.2957455431093152
1	0	0.6038709454255733
1	0	0.7009885854656719
1	1	0.46791927721442195
1	1	0.44322959584604305
1	0	0.7832819035986051
1	1	0.3311938829388542
1	0	0.6246219851530485
1	0	0.7741382068861458
1	0	0.7417342405956675
1	1	0.4920561062662717
1	1	0.49296175800848974
1	1	0.4706847702736874
1	1	0.18110983335573183
1	0	0.5772389512986785
1	0	0.509916146364425
1	0	0.8651576128090814
1	0	0.9072665755472711
1	0	0.9420395133054853
1	0	0.520472759377809
1	0	0.7931318220134376
1	1	0.46615228696377786
1	0	0.9066385743951235
1	0	0.7655008727111412
1	0	0.830294819726716
1	1	0.14797165045036298
1	1	0.09875533744827147
1	1	0.08463192347071424
1	1	0.10700437040743471
1	1	0.0856718786172933
1	1	0.10654602898938947
1	1	0.1289808518714115
1	1	0.08672275156673681
1	1	0.1764660518860608
1	1	0.09270996158407352
1	1	0.09267247038553594
1	1	0.14161508859595995
1	1	0.4356028983985928
1	1	0.2752669897582978
1	1	0.09082913575859142
1	1	0.2695457517437686
1	1	0.12939170622033003
1	1	0.15901991258191728
1	1	0.13246286709437793
1	1	0.08767438757080281
1	1	0.26783068112259256
1	1	0.15773910093617927
1	1	0.0884571933924514
1	1	0.12379812220226538
1	1	0.20455970136219326
1	1	0.08814236192348979
1	1	0.0997692456630519
1	1	0.09844840228756757
1	1	0.09015427960068756
1	1	0.08808702447545036
1	1	0.08682878269934002
1	1	0.10698921905506187
1	1	0.10011051194013965
1	1	0.142534301754496
1	1	0.08578656170978494
1	1	0.08964573817125165
1	1	0.09131704946177022
1	1	0.0904075471358321
1	1	0.12300086026189339
1	1	0.08828215371069537
1	1	0.10694041951745203
1	1	0.1140700481567779
1	1	0.09003124609411672
1	1	0.10258086251937582
1	1	0.08668608804324962
1	1	0.13581588825239077
1	1	0.09441530942140952
1	1	0.12614590203741638
1	1	0.20906501125711507
1	1	0.1297885681146823
1	1	0.1669255903976561
1	1	0.12391877447229371
1	1	0.24616621948960526
1	1	0.15991071043138172
1	1	0.18886747560674688
1	1	0.11686121966726803
1	1	0.137465046127487
1	0	0.5078885014309322
1	1	0.16442462901849786
1	0	0.8042751956133012
1	1	0.20999502825747896
1	1	0.09042170305410624
1	1	0.11578418814499958
1	1	0.10678575563796888
1	1	0.2821302813597858
1	1	0.13129098395492045
1	1	0.121030491341232
1	1	0.10027946509700592
1	1	0.19451795537068317
1	1	0.17114031462169566
1	1	0.15405358967339455
1	1	0.09551316650224628
1	0	0.5027478351699417
1	0	0.7756823238182964
1	1	0.46479732147275366
1	1	0.22077005147058326
1	1	0.11123882701054133
1	1	0.1686521850178494
1	1	0.2544580347109099
1	1	0.08865304877274383
1	1	0.1898921739496856
1	1	0.09819904279163927
1	1	0.08687303705268778
1	1	0.08513154960891844
1	1	0.08616623375944177
1	1	0.0862795972957533
1	1	0.09180797469462676
1	1	0.12393577300583192
1	1	0.13891596781422222
1	1	0.1259770368457257
1	1	0.08592527430464236
1	1	0.09237007821418175
1	1	0.3216454293799581
1	1	0.123808995539049
1	1	0.13812590191888963
1	1	0.08804056342110933
1	1	0.19553331235650584
1	1	0.0879758642443168
1	1	0.10359557449761403
1	1	0.1715412425411592
1	1	0.17591382103071518
1	1	0.12009176421897905
1	1	0.11804879847290672
1	1	0.10124370118111048
1	1	0.21960146438471562
1	1	0.08567784384357302
1	1	0.09809918884522972
1	1	0.09339445673957114
1	1	0.08519425323513607
1	1	0.08606254800714341
1	1	0.09749304565843353
1	1	0.09155466128793177
1	1	0.13080805657300676
1	1	0.08718874811054089
1	1	0.08963406788128903
1	1	0.15884828777009985
1	1	0.09079023692732302
1	1	0.2565958812978534
1	1	0.08566478983404102
1	1	0.1646479194074767
1	1	0.192724996483569
1	1	0.24949990781626075
1	1	0.09253503372582939
1	1	0.16820338548219016
1	1	0.11409737343469395
1	1	0.09009321373908663
1	1	0.08834920004157232
1	1	0.09755289410745505
1	1	0.12189202758123041
1	1	0.09123430072063132
1	1	0.1507102847725409
1	1	0.24732030290533769
1	1	0.13272414262393695
1	1	0.1984745009301777
1	1	0.0915592442255635
1	1	0.09762212146729443
1	1	0.22875642140839803
1	1	0.1007582684348679
1	1	0.1009137820099445
1	1	0.17448437167442454
1	1	0.08844275177766636
1	1	0.10267832896951334
1	1	0.10779722149833149
1	1	0.10026735641930595
1	1	0.09589162274824714
1	1	0.12381481012446771
1	1	0.24680724657484132
1	1	0.10096294677690487
1	1	0.09700745186462456
1	1	0.1317679819752341
1	1	0.13247441670895677
1	1	0.12055926161746122
1	1	0.23811841322470928
1	1	0.23214181918008803
1	0	0.827946240370876
1	1	0.1839727974806169
1	1	0.15686960687542983
1	1	0.10537247649625858
1	1	0.10872816937666308
1	1	0.09388433804417795
1	0	0.792682814980501
1	1	0.1446623853784169
1	0	0.7542795760677828
1	1	0.10634797909419891
1	1	0.47653077051072446
1	0	0.5160493668448212
1	1	0.1801148557917106
1	0	0.6069494396844679
1	0	0.6570750014271453
1	0	0.7258805804587372
1	0	0.7752172067861617
1	0	0.7573170240084786
1	1	0.4687842495530956
1	1	0.32416488966100754
1	0	0.7310290284059644
1	0	0.6938026527104668
1	1	0.10647075760883329
1	1	0.41420790856470624
1	0	0.9005689024396357
1	1	0.1548353377475734
1	0	0.7047674026554207
1	0	0.7667790768172257
1	1	0.49192792745917846
1	1	0.3671220954314719
1	0	0.6853717553914271
1	1	0.14254733415574217
1	0	0.6347014042267565
1	0	0.7010077214069069
1	1	0.25120551909695343
1	1	0.17975237559530044
1	0	0.577069071919615
1	1	0.2980724097733498
1	0	0.7999436975470399
1	0	0.7733746806511148
1	1	0.2717645908286427
1	0	0.7835792479502974
1	0	0.5971079160160466
1	0	0.7806199604120587
1	0	0.5478033666095874
1	1	0.12725524782218844
1	0	0.5140040250715077
1	1	0.2518881049718954
1	1	0.19934216610999544
1	1	0.08729084238298623
1	1	0.1913339326472122
1	1	0.09712776367213027
1	1	0.263708576609051
1	1	0.13600039095595884
1	1	0.16324669904666922
1	1	0.10995440576105864
1	1	0.09807597444698346
1	1	0.13191030346876442
1	1	0.12780671097958296
1	1	0.3677826502533009
1	1	0.15889311226496905
1	1	0.3321496007094419
1	0	0.5456663064344787
1	1	0.15003973990996988
1	1	0.1381920710072273
1	1	0.17847403191597688
1	1	0.2119417406391807
1	1	0.09969769517020621
1	1	0.11656535673692947
0	1	0.37275793300858473
1	1	0.10649964693137881
1	1	0.14179067677737744
1	1	0.14078048579507674
1	1	0.12242725081349126
1	1	0.1260869670388841
1	1	0.18190410953822134
1	1	0.09709831039990902
1	1	0.10329527375729297
1	1	0.10395947523807014
1	1	0.2189652104132438
1	0	0.8164350069495125
1	1	0.1161709602852582
1	1	0.08540392371648564
1	1	0.14237590666670064
1	1	0.08668449340587736
1	1	0.11353206557944584
1	1	0.1294885567824634
1	1	0.08568014856803885
1	1	0.09587750903917602
1	1	0.0981223176048982
1	1	0.08835924238558857
1	1	0.09811099225231668
1	1	0.10623418863802558
1	1	0.0872911213040869
1	1	0.09661222812127468
1	1	0.22348526442538874
1	1	0.1375802545712108
1	1	0.12641941421216252
1	1	0.09762636589727669
1	1	0.09757176577176241
1	1	0.09042495009978979
1	1	0.08843707869974882
1	1	0.08726723188051999
1	1	0.08872147011045994
1	1	0.11652515905085647
1	1	0.08977150738322581
1	1	0.12518762535454564
1	1	0.12262545193208674
1	1	0.1173007128134338
1	1	0.10439661135217881
1	1	0.09040741660857132
1	1	0.12567887424022395
1	1	0.1470912428069856
1	1	0.13959050817620822
1	1	0.1796629519387648
1	1	0.0859939591583384
1	1	0.09441444578281855
1	1	0.09541029873370943
1	1	0.3080515583329586
1	1	0.14904096498328456
1	1	0.1796634771215856
1	1	0.12974286065994145
1	1	0.09285828198512824
1	1	0.17703998952255873
1	0	0.7090985460033016
1	1	0.14962753944780627
1	1	0.15747241583077787
1	1	0.08539979547762111
1	0	0.8955797675343836
1	0	0.6316522733168182
1	1	0.4676298561909207
1	0	0.5595290724482923
1	0	0.5088781618853246
1	1	0.4281224280518142
1	0	0.6564195365200752
1	0	0.5046411461434519
1	1	0.3852173615401434
1	1	0.3410634322562579
1	1	0.46417383308784077
0	0	0.5969017813944564
1	0	0.7087920474733305
1	1	0.3657156462378556
1	0	0.7908217545817341
1	1	0.47890244960285877
1	1	0.4821308936143174
1	1	0.4826730433611043
1	1	0.39824408522732047
1	1	0.3499024823845164
1	0	0.5523872453265352
1	1	0.4741111276673077
1	0	0.7913226126466064
1	1	0.43206077956924704
1	0	0.5588757554917048
1	0	0.6015184583757073
1	0	0.6621518143914895
1	0	0.940150232167942
1	0	0.6403732618181985
1	0	0.6947009742993919
1	0	0.93000040373586
1	0	0.6354036075448104
1	1	0.39313350290066695
1	0	0.585750211430091
1	0	0.5506245906935273
1	1	0.30080678491227464
1	1	0.3670328436323723
1	1	0.39960296413020413
1	1	0.4889961511176092
1	0	0.7994322041821178
1	1	0.33243158509935533
1	1	0.396212682607869
1	1	0.13642857919974116
1	0	0.8834965897939285
1	1	0.33450474588995094
1	1	0.3035665501697026
1	1	0.1710270575822348
1	1	0.17412016606838343
1	1	0.10747866182351118
1	1	0.23426450776239216
1	1	0.21362846231942811
1	1	0.24757565405159954
1	0	0.5648196910106255
1	1	0.36072689079529807
1	1	0.20494982264483896
1	1	0.3835046085484226
1	1	0.16507051981770438
1	1	0.16561625042409656
1	1	0.20496787121960047
1	1	0.2826714928626962
1	0	0.5130874258878273
1	1	0.3755201404800963
1	1	0.16234967458499472
1	1	0.30857418595775765
1	1	0.3358373020826422
1	0	0.678515455246928
1	0	0.9100196646705347
1	1	0.2541151502597033
1	0	0.9143595858691848
1	1	0.33852794839886824
1	1	0.41538074433076067
1	1	0.26995502020941353
1	1	0.2172220959190655
1	1	0.26214821292238655
1	1	0.37870943612813357
1	1	0.24778525736753076
1	1	0.3133833674484513
1	1	0.23046203837686474
1	1	0.29448972514988836
1	0	0.9053384594209233
1	0	0.8089181727717611
1	1	0.2776586077322568
1	1	0.3265956898966308
0	0	0.843251656555118
1	1	0.2049869757545878
1	0	0.515938916146927
1	1	0.25541780974920314
1	1	0.17653250126685227
1	1	0.4089605299229383
1	1	0.33169748133125077
1	1	0.38234084484949704
1	1	0.3464947654382967
1	1	0.16551996222689425
1	1	0.18893835772410095
1	1	0.21475680543388032
1	1	0.1947370000698504
1	1	0.21585971936080373
1	1	0.16737111709734376
1	1	0.30896149209268775
1	1	0.2674030499706558
1	1	0.2745493548549023
1	1	0.1872222764507161
1	1	0.33005340286656826
1	0	0.8574144465784851
1	1	0.35386650493714755
1	1	0.19431164534119605
1	0	0.6640309889806058
1	0	0.5457126934924054
1	1	0.49025153628959584
1	0	0.8888995466458165
1	0	0.5095965024234537
1	1	0.1577082063602735
1	1	0.377751469218768
1	0	0.6509201324028479
1	1	0.18000421609618433
1	1	0.25151747234156807
1	1	0.28913157901490005
1	1	0.3466070805209318
1	1	0.1602799431908838
1	1	0.48506997246342987
1	0	0.5045955345858133
1	0	0.5045170651841657
1	1	0.33243360371964925
1	1	0.388726271297425
1	0	0.8523040114340447
1	1	0.3919904577380322
1	1	0.1476345477501454
1	0	0.5653082436063891
1	0	0.8260003802498344
1	0	0.6133934184260417
1	1	0.2233658229904174
1	1	0.1848181238230372
1	1	0.3002241107343663
1	0	0.5876694765329684
1	0	0.597918510077372
1	1	0.3740782442565652
1	1	0.20642835162267903
1	1	0.2177281313596564
1	1	0.24451932598475634
1	1	0.2897836270932118
1	0	0.7202596722929635
1	1	0.26713504282225853
1	0	0.5875188046406664
1	1	0.49940381465862305
1	0	0.9377047935407261
1	0	0.9043510752942661
1	0	0.65453096142627
1	0	0.9268176476418339
1	0	0.8200965120416523
1	1	0.48770372007191254
1	1	0.2876401079838611
1	1	0.2803666118221454
1	1	0.49665887085156757
1	0	0.5315781168001483
1	1	0.3345510108624601
1	0	0.5686589158899026
1	1	0.4554504269463582
1	1	0.3973840582551752
1	1	0.35100229902386937
1	1	0.2050030758616489
1	1	0.3274595191635301
1	0	0.5020880249907578
1	0	0.7552939191230859
1	0	0.569930939452941
1	1	0.4396342846970177
1	1	0.3587887139844458
1	0	0.5956069075007437
1	0	0.8580763213835776
1	0	0.7096166486326476
1	1	0.34593333542753957
1	1	0.39392329204933274
1	1	0.3464307516769869
1	1	0.38927643573581083
1	0	0.549840345150505
1	0	0.500855660425569
1	0	0.532127772048927
1	0	0.5092806904252027
0	0	0.9376308945861127
1	0	0.5478786471769779
1	0	0.8765740026713416
1	1	0.478176786840534
1	1	0.32033323534845093
1	1	0.280948932991554
1	0	0.590377775419326
1	1	0.29974121875666704
1	1	0.25559312359451414
1	1	0.34657841323913374
1	0	0.5806136064867848
1	1	0.20146862007512267
1	0	0.6090705410052843
1	1	0.376265144303248
1	1	0.2866213280903541
1	1	0.467461411158404
1	0	0.5571637868001444
1	1	0.25762973729674166
1	0	0.935535403520375
1	0	0.6408741683712085
1	1	0.38917051023304394
1	1	0.34531511859437214
1	0	0.6943379880628275
1	0	0.5078766864425885
1	0	0.9278786606383704
1	1	0.49129213255295834
1	1	0.25451361969472286
1	0	0.9267546245051873
1	0	0.5100773367590739
1	1	0.26551454408545117
1	0	0.5593656105509297
1	1	0.1755202430716759
1	0	0.8803483893691504
1	1	0.43912968308042966
1	1	0.406261806536398
1	0	0.7117270076879412
1	1	0.3630424133436996
1	1	0.3775952627009206
1	1	0.2484614635830823
1	0	0.588146842813667
1	1	0.42820048637221864
1	0	0.6350700690931486
1	0	0.626883084469989
1	0	0.6619177538391895
1	0	0.5442623134963231
1	1	0.3151074344592112
1	0	0.7438946573321796
1	0	0.8268466952662769
1	0	0.8943353029552411
1	1	0.29663540858146764
1	0	0.7754697571151459
1	1	0.2201173844407749
1	1	0.37480596828327606
1	0	0.883972224794269
1	0	0.7387602248633027
1	1	0.47049539614430036
1	0	0.5960719039395812
1	0	0.9243270767009897
1	0	0.6929994953584782
1	0	0.6626323126686484
1	1	0.21311891282747275
1	1	0.2966242028672458
1	1	0.34477095573284877
1	1	0.35785124133311597
1	0	0.6179682456744882
1	1	0.36874419927258417
1	1	0.37636210624558086
1	0	0.8457148708356148
1	0	0.6680957254766879
1	0	0.8247496835044354
1	0	0.7912220621425732
1	0	0.9060879183233861
1	0	0.8831834145993289
1	0	0.7444573548882922
1	1	0.396607210516296
1	0	0.6044142779692621
1	1	0.31039046252060043
1	1	0.38691766535670713
1	0	0.6960885072483042
1	1	0.1836102641786318
1	0	0.6038401877458539
1	1	0.2639136187850636
1	1	0.10490883599657308
1	1	0.3152190185682363
1	1	0.4313189906647015
1	1	0.26337378739609674
1	1	0.18217665479631606
1	0	0.5177190755090566
1	0	0.5060886817709416
1	0	0.6076751680457949
1	0	0.8554709260347196
1	0	0.8375202793182918
1	0	0.6521767014915445
1	0	0.6044873258501762
1	1	0.44987580465167587
1	1	0.43449006964874626
1	1	0.44841705747514193
1	1	0.4618498153488255
1	1	0.30579440307781525
1	0	0.8459327473370615
1	0	0.7967843084345808
1	0	0.9066950174565354
1	0	0.5515779639228027
1	0	0.7634711499792286
1	0	0.6790384262283367
1	1	0.4382693769117847
1	0	0.5000237746865923
1	0	0.569230345617592
1	0	0.8435998561501026
1	0	0.669924581902438
1	0	0.5601632426710667
1	0	0.6390095741620412
1	1	0.4270327136849895
1	1	0.34124129263987857
1	0	0.529470789269217
1	1	0.4753085540924399
0	0	0.8841258666227378
1	1	0.43977766320891
1	0	0.5030020679908308
1	0	0.5753392157907256
1	0	0.7545374238091591
1	1	0.43442971402188235
1	0	0.5510391388748066
1	1	0.4653485068800587
1	0	0.5016562415825676
1	1	0.3704452331378406
1	1	0.23981502132521937
1	1	0.1223945402436667
1	1	0.14348060243257688
1	1	0.2380343266224283
1	1	0.4578758355596111
1	0	0.8072580828729912
1	1	0.23608427492056638
1	1	0.2032542276773478
1	1	0.4617125328036248
1	1	0.3893643098631714
1	0	0.5417164006401385
1	1	0.2288067591584516
1	1	0.3672955674227578
1	1	0.1290643905579586
1	1	0.20688261054149015
1	1	0.273900559669485
1	0	0.5242945303148829
1	1	0.41620605268474664
1	1	0.24952025857427063
1	1	0.3676502957445531
1	1	0.15082844346260815
1	0	0.8020076883876779
1	1	0.35807802854008985
1	0	0.7559363813685558
1	1	0.24248587140851308
1	1	0.2066491484466203
1	1	0.31027774455612234
1	0	0.8705579193301115
1	0	0.8865647307919468
1	0	0.7549823417074899
1	0	0.6902915678843743
1	0	0.6603593820314193
1	0	0.7399341101692578
1	1	0.2917551774929664
1	1	0.3690841107961421
1	1	0.4055771530467631
1	1	0.15000505872391823
1	1	0.44697402883260484
1	0	0.7175829363288226
1	1	0.17361749408098115
1	1	0.20900947019451
1	1	0.23684243954565387
1	1	0.27488730528747607
1	1	0.31760690164301564
1	0	0.6719340115586807
1	0	0.8614774456301189
1	0	0.7678390787479221
1	0	0.7123848668384338
1	1	0.29568905069198725
1	1	0.4207153729389206
1	1	0.15869496566274122
1	0	0.7235807372126715
1	1	0.249174986391134
1	1	0.28755732750192087
1	1	0.15970979198003143
1	1	0.3670704756614799
1	1	0.20511032927530382
1	1	0.22325082307656885
1	0	0.5475857400310042
1	1	0.293167783870534
1	0	0.7225207839033982
1	1	0.3683087964430233
1	1	0.1707584468182871
1	0	0.7727094697977139
1	1	0.4310066939064051
1	1	0.24211166715245547
1	0	0.5100228965400101
1	0	0.8359040874904328
1	1	0.2651818682056949
1	1	0.4899131709191571
1	1	0.43960420575492054
1	0	0.9052758159698417
1	1	0.2405688806533478
1	1	0.18485947861257956
1	1	0.334384811892921
1	1	0.1782474350710258
1	1	0.2391722395536886
0	0	0.698728942934143
1	1	0.40471790527651974
1	1	0.12563751228436948
1	1	0.337694265283051
1	1	0.27008618986450583
1	1	0.48339642752837375
1	1	0.1460804417893462
1	0	0.8735946604224198
1	1	0.1434451231069247
1	0	0.6330229128936371
1	1	0.3892887849847232
1	1	0.46953380523173516
1	0	0.5740009804572903
1	1	0.42072892921190697
1	1	0.2120491129095935
1	0	0.8481219713252186
1	1	0.26984883456974473
1	1	0.21550999829746287
1	1	0.12966968360094988
1	0	0.8241867040329972
1	1	0.34426423371689396
1	1	0.2829194467909599
1	1	0.10897307217951413
1	1	0.30465000023069233
1	1	0.17997195289372525
1	1	0.2501420370695664
1	1	0.3584550275648136
1	1	0.12475227622232565
1	1	0.21621462417337312
1	1	0.2568174509444201
1	1	0.3406347124401601
1	0	0.5729892102992584
1	1	0.49662294976508636
1	1	0.2037262028650383
1	0	0.683225371904365
1	1	0.13433502844524148
1	1	0.32170991173602503
1	1	0.3163656911503424
1	1	0.36207075015684
1	1	0.2758082288878355
1	0	0.7015263438600573
1	1	0.29828799479100276
1	1	0.33319131908082433
1	0	0.8099207482371376
1	0	0.859800969372942
1	1	0.1925547286455861
1	1	0.33571001756461105
1	1	0.25018977706421996
1	1	0.2409373865838328
1	1	0.27295570773958766
1	1	0.23502153427704076
1	1	0.33720462856998956
1	1	0.11505895589713833
1	0	0.5181889384176879
1	1	0.3431815663769132
1	0	0.5295415603691349
1	1	0.29162582436085827
1	1	0.21768517461297276
1	1	0.3125929082206538
1	1	0.2496666793343313
1	1	0.14353931863685532
1	1	0.1293865367691771
1	1	0.15270476944706368
1	1	0.41414442818246866
1	1	0.2523576875676844
1	1	0.4230225084919026
1	1	0.4588660581903641
1	1	0.21060882410781623
1	1	0.17643091483681517
1	0	0.5004540117383448
1	1	0.21544893297030598
1	1	0.16403064024119884
1	1	0.17885855869394252
1	1	0.2097812149047702
1	1	0.24314457376079512
1	1	0.1397722635856148
1	1	0.2952488524993194
1	1	0.4362659871457193
0	0	0.8565395324098997
1	1	0.27715942048844233
1	1	0.2713590604327847
1	1	0.19672163721567926
1	1	0.3826576210549094
1	1	0.20199970522854582
1	0	0.5940692841365981
1	1	0.36115245900916393
1	1	0.4072676114972785
1	1	0.14817581042858763
1	1	0.29308923124866904
1	1	0.22245443854606595
1	1	0.2598862836912904
1	1	0.13033010681899215
1	1	0.19400044493989754
1	1	0.12262080391202512
1	0	0.8510691525999676
1	1	0.27719982004457
1	1	0.17236031630247672
1	1	0.09090480023836067
1	1	0.11625061938219683
1	1	0.31552250454491304
1	1	0.18642443120081753
1	1	0.1446253847593698
1	1	0.25660728883359996
1	1	0.3263592023997631
1	1	0.23232598483043831
1	1	0.3660748396836133
1	1	0.19855426639547835
1	1	0.2718006524134461
1	1	0.25196004148006523
1	1	0.17582262686903694
1	1	0.25358881447296844
1	1	0.31405316673746
1	1	0.15387869572068968
1	1	0.46780378051534954
1	1	0.10584869070476521
1	1	0.14819964746882996
1	1	0.24332907811165172
1	0	0.7610277778513663
1	1	0.11876032185229668
1	0	0.7017695854585388
1	0	0.6584615913997023
1	1	0.3427313733613584
1	1	0.41792428379487345
1	0	0.8814738064078894
1	1	0.357401764635223
1	1	0.0946314542590192
1	1	0.31783818381973616
1	1	0.23133138610947424
1	1	0.2991781311081786
1	1	0.28090967290506785
1	1	0.16907128263314375
1	1	0.2216307821968324
1	1	0.12595164296634442
1	1	0.1110992241533445
1	1	0.12018814081324014
1	1	0.4112909460980081
1	1	0.09315132172157037
1	0	0.5278983335355163
1	1	0.3368080959172478
1	1	0.18822366894206566
1	1	0.2277987366085782
1	1	0.15598623463398475
1	0	0.8467137095809691
1	1	0.367338253858702
1	1	0.26291072139951965
1	1	0.23470103943412335
1	1	0.31352058128772586
1	1	0.12465188543611605
0	1	0.4041728913677949
1	1	0.24456434486727674
1	1	0.2885470092194411
1	1	0.09557969171166292
1	1	0.27428115500184713
1	1	0.1880927752613104
1	0	0.574154147726758
1	0	0.507938599682636
1	1	0.46878235086644626
1	1	0.14076621536949596
1	0	0.7775952496832602
1	1	0.23694006951911473
1	1	0.29685180072170225
1	1	0.3548881244020202
1	1	0.19472175940277703
1	1	0.2340704444687174
1	1	0.26589439539646587
1	1	0.21162501727454575
1	1	0.48005851957443335
1	1	0.12750721001375143
0	0	0.5957353365415481
1	1	0.4578893494935017
1	1	0.45567125382427187
1	1	0.3512659195759922
1	1	0.16508336908084387
1	1	0.17469486789170074
1	1	0.37781474443798113
1	1	0.17690614501008517
1	1	0.09150775971724223
1	1	0.2666776524744666
1	1	0.12102941042355786
1	1	0.45927139429179975
1	1	0.1668329943205592
1	1	0.2037915089120681
1	1	0.2337341184347873
1	0	0.6788801390287253
1	1	0.18752174154227486
1	1	0.13972924685910015
1	1	0.4668860559712593
1	1	0.28879352140882475
1	0	0.8755897846154809
1	1	0.3261908009256047
1	1	0.17697224090262986
1	0	0.8442219988213866
1	1	0.3555692169232828
1	1	0.16786636999217952
1	1	0.1944749731983585
1	0	0.7213921912767447
1	1	0.27912106353595456
1	1	0.32158162408592583
1	1	0.1905919153313601
1	1	0.1821597774978302
1	1	0.09242579317242106
1	1	0.2129335964372725
1	1	0.13818551289513303
1	1	0.21051959471715553
1	1	0.1277945019967116
1	1	0.36664245771720116
1	1	0.18640625125442323
1	1	0.43036665379613326
1	1	0.4048826667270683
1	1	0.09475993975053487
1	1	0.09382195125312931
1	1	0.10250571569920508
1	1	0.12538282097197295
1	1	0.18649288531668928
1	0	0.5063756485841849
1	1	0.19001748742730407
1	1	0.1876846378285958
1	0	0.6759107384112379
1	1	0.3864672046026355
1	1	0.24317214050419134
1	0	0.5799937809837019
1	1	0.2886310495680532
1	1	0.18049532305657667
1	1	0.220250267394825
1	1	0.12788635126804704
1	1	0.3015201739339465
1	1	0.49757639150008126
1	1	0.22820454303985283
1	0	0.5212841228972376
1	1	0.25699027331065194
1	1	0.12964484304595492
1	1	0.1587964223238737
1	1	0.22729734261655288
1	1	0.13042608835389335
1	1	0.35781990803535824
1	1	0.12425528223968574
1	1	0.207932675745521
1	1	0.13582524682349628
1	1	0.21432136327116091
1	0	0.6361599691794281
1	1	0.33857060749116663
1	1	0.39707826879975283
1	1	0.2120013703279201
1	1	0.1894058102785079
1	1	0.2062352230449499
1	1	0.10619684088936943
1	1	0.1767266174316161
1	1	0.20396030674080334
1	1	0.4991577698938503
1	1	0.30349754481451263
1	1	0.35472068994171524
1	1	0.15190898499948646
1	1	0.11763527293993647
1	0	0.557963252795667
1	1	0.3216184691168371
1	1	0.21461450277636596
1	1	0.20380247128203421
1	1	0.18037276875728292
1	1	0.2214909440419205
1	1	0.3893263340561335
1	0	0.8943350527753497
1	0	0.7850850911562464
1	1	0.42666822334691645
1	0	0.5290390301667601
1	0	0.7764698436165478
1	1	0.15879520709283867
1	0	0.8699938809096011
1	0	0.779607287843413
1	1	0.27145955047153425
1	0	0.7706361353941494
1	1	0.4059581517365869
1	1	0.415561313093722
1	0	0.611987404106046
1	1	0.3664052506513429
1	1	0.43202084651382744
1	1	0.31981301975946286
1	1	0.15734793632015798
1	1	0.3761285816421531
1	1	0.09285854577850217
1	1	0.22103217593066338
1	1	0.11583356637032072
1	1	0.20780288738025754
1	1	0.17541978332759278
1	1	0.3532937453591779
1	1	0.46523230978086727
1	0	0.5351700687399421
1	0	0.5338520760311423
1	1	0.4127026295454117
1	0	0.7248357744430227
1	0	0.5046969340194445
1	0	0.5883318372333539
1	1	0.46847068155207017
1	0	0.5360184177517169
1	0	0.7351253199343746
1	0	0.7701781206847955
1	1	0.41199676378011385
1	0	0.7129951346034036
1	1	0.3722767297837888
1	0	0.5444182239922806
1	0	0.8323931481831848
1	0	0.5655054171115246
1	0	0.5107870089954175
1	1	0.3111336616469337
1	1	0.4890369919950369
1	1	0.41194531729785966
1	1	0.2955562068675365
1	1	0.473376702838029
1	0	0.9227077617894768
1	1	0.3476892715081906
1	1	0.3636833358989805
1	1	0.3827296065389909
1	1	0.3755571782964372
1	0	0.9102112529778125
1	1	0.3782671878100181
1	1	0.32143890961165156
1	0	0.5969252173295692
1	0	0.6197990531413051
1	0	0.6209280156237597
1	0	0.5192013753543635
1	0	0.6810482160120648
1	0	0.7307394628316172
1	0	0.6660749029823865
1	0	0.8483482500093181
1	0	0.7144372413284716
1	1	0.42995303682980957
1	1	0.43340793215517537
1	0	0.505223421960098
1	0	0.6788858153493571
1	0	0.8209567736746712
0	0	0.8589069834224561
0	0	0.8248221825563268
1	0	0.620628500447145
1	0	0.6315244147322823
1	0	0.7010595615993491
1	1	0.44654222325345605
1	0	0.5676499041044462
1	0	0.6095593919534521
1	0	0.7650125445692733
1	0	0.7713091054502024
1	0	0.8547522889395025
1	0	0.7559117862019209
1	0	0.9065767454393381
1	0	0.7876869376423622
1	0	0.8878972027801273
0	0	0.7923138508951528
1	0	0.7780591045063586
1	0	0.6953297736033806
1	0	0.7447573694606413
1	0	0.6736831963021364
1	0	0.7565984882295776
1	0	0.6773730835634426
1	0	0.5270647641930144
1	1	0.44675490376481697
1	1	0.42504418504871244
1	1	0.48571346300374607
1	1	0.2964140181438104
1	0	0.7985970211351225
1	0	0.5454246224030472
1	0	0.8074951591550171
1	0	0.8908275927109999
1	0	0.8232004314350103
1	1	0.49606041064244777
1	0	0.8554907329966799
1	0	0.7272742447218881
1	0	0.5309575632048873
1	0	0.5380532361806722
1	1	0.48569465194216355
1	0	0.784090376999407
1	0	0.9265582904747143
1	0	0.696867282974752
1	1	0.45147901998246165
1	0	0.505502732943096
1	0	0.6558085053957476
1	0	0.8770196984428502
1	0	0.8024794607856411
1	0	0.8419815650665079
1	1	0.4237279460584755
1	0	0.7833546929658983
1	1	0.41439156124912124
1	0	0.5447972367185148
1	1	0.4947146899670277
1	1	0.45247250408875417
1	0	0.8706339880168215
1	0	0.5141687937212642
1	0	0.5441839329124852
1	0	0.616057080823375
1	0	0.62173068268246
1	0	0.6190905124991604
1	0	0.8099305256559051
1	0	0.7187268533890108
1	0	0.8199393662468817
1	0	0.9306701761390269
1	0	0.6043458460678204
1	0	0.6665353301041348
1	0	0.6906238947521757
1	0	0.6340654359469012
1	0	0.8512607596646938
0	0	0.9406034086034962
1	0	0.7064141269738997
1	0	0.8564744550856086
1	0	0.8531641576842677
1	0	0.571613562424403
1	0	0.6939714635280532
0	0	0.6033349324170001
1	0	0.8856998346293781
1	0	0.6563166773322023
1	0	0.8324969194413078
1	0	0.9244453642003276
1	0	0.7248860710688286
1	0	0.7221914667272432
1	0	0.8308244524270645
1	0	0.828659730761423
1	0	0.6451181433144526
1	0	0.7739666980895188
1	0	0.662252696497455
1	0	0.6769626899009705
1	0	0.8269838240436467
1	0	0.8365227524502585
1	0	0.6185683908959507
1	0	0.7142410429098005
1	0	0.5469210585988753
1	0	0.5750219758290258
1	1	0.4965029338832113
1	1	0.43592168540736786
1	0	0.554592056322736
1	0	0.515548399702629
1	1	0.43568033161268305
1	1	0.4125551876762502
1	1	0.31502742510272796
1	1	0.3145139703208535
1	0	0.5261063112887452
1	0	0.839596650578361
1	0	0.7084660980618944
1	0	0.7229300236294804
1	0	0.5899868872665106
1	0	0.7042973833179552
1	0	0.7711711299511894
1	0	0.8279570220631858
1	0	0.8515601587511274
1	0	0.8867606345872867
1	0	0.855894080699069
1	0	0.9406906492432393
1	0	0.7767747384268178
0	0	0.8325720342063292
1	0	0.560087639027822
1	0	0.7793961172817505
1	0	0.8538174290842013
1	0	0.8424290373361473
1	0	0.7989778381235523
1	0	0.9381997872623371
1	0	0.9225531975841827
1	0	0.7955153587262294
1	0	0.8828129647498609
1	0	0.7080966636366515
1	0	0.6601065442222547
1	0	0.8907733231101803
1	0	0.8712250688794914
1	0	0.7816467570136154
1	0	0.5357546636867159
1	0	0.838531112671759
1	0	0.8384936847450116
1	0	0.8688155503158456
1	0	0.9011306476818358
1	0	0.8895242765094646
1	0	0.6937509069277439
1	0	0.9297883160463848
1	0	0.6905032481200732
1	0	0.9277546702760038
1	0	0.8679313428660271
1	1	0.40911346637152046
1	1	0.49509647407674806
1	0	0.616051788577828
1	1	0.4281682368292724
1	0	0.7823301306459229
1	0	0.5598179044557492
1	1	0.19957093932030134
1	1	0.1813097079379583
1	1	0.08996618823574487
1	1	0.26687774863865765
1	1	0.0915302061833565
1	1	0.08964621427988706
1	1	0.22816367453854824
1	1	0.15396794675216963
1	1	0.18599105061690935
1	0	0.6028597668877025
1	1	0.11336300152086931
1	1	0.09377352024126284
1	1	0.45022948387058215
1	1	0.25989345795090424
1	0	0.5072446365029921
1	1	0.26555958364009613
1	1	0.20121083314881694
1	1	0.2882177254519258
1	1	0.42996929554930363
1	0	0.5862444338008291
1	0	0.8247600454693276
1	0	0.5486923461239436
1	1	0.16069915010678837
1	1	0.14365234421801298
1	1	0.17698403244688132
1	1	0.1549825966560724
1	1	0.21891332100542338
1	1	0.10130951763220786
1	1	0.1285421419907643
1	1	0.2764137095414799
1	1	0.12252762228483438
1	1	0.0927980314742759
1	1	0.1352790289905238
1	1	0.1368687371336077
1	1	0.17881929276509545
1	1	0.09823937525897275
1	1	0.10893788344322886
1	1	0.11056811375577413
1	1	0.12112929050094612
1	1	0.18137843300884826
1	1	0.13412594996920213
1	1	0.09887600004115893
1	1	0.3035228827518559
1	1	0.43855626399783765
1	1	0.1905218356167876
1	1	0.21197720038069012
1	1	0.24495215311797924
1	0	0.8343970501455655
1	1	0.1284240864845676
1	1	0.22941125197743528
1	0	0.8260721014252584
1	1	0.2127812248162606
1	1	0.1362490083951311
1	1	0.33722331761276125
1	1	0.22963107993756438
1	1	0.37786846872137225
0	0	0.8668892188165908
1	1	0.10996996375978008
1	1	0.4874698565641654
1	0	0.8861222151980834
1	1	0.1751928899797217
1	1	0.3225316852538199
1	1	0.21138759929853135
1	1	0.17446264429201397
1	0	0.8419946396803565
1	0	0.7405884767276959
1	1	0.35009474553174447
1	1	0.3419954783590142
1	0	0.5708577900428046
1	1	0.28762770260237447
1	1	0.4766275640599048
1	1	0.20093059666448532
1	0	0.8848987446251335
1	1	0.406275137126471
1	1	0.2018014197152781
1	0	0.7023298846090962
1	0	0.891237826607151
1	1	0.2968269292323371
1	1	0.14489164215159778
1	1	0.2934682044986777
1	1	0.3884300806687716
1	1	0.4799932002166716
1	1	0.30595463525453315
1	1	0.11909079301955439
1	0	0.5836889357135789
1	1	0.14033630053423496
1	1	0.11516866310043616
1	1	0.1388939886528059
1	1	0.15671854198276425
1	1	0.23913677824781976
1	1	0.1042509942883959
1	1	0.14684815368869408
1	1	0.1588300908792738
1	1	0.16759638690148926
1	1	0.2546733433382842
1	1	0.12806770980843507
1	1	0.37401626196010807
1	1	0.21301714434310426
1	1	0.17013995298733176
1	1	0.10425130855218911
1	1	0.14321208729288548
1	1	0.4568717771061608
1	1	0.2081522952904713
1	1	0.14428027619697292
1	0	0.5158369313451334
1	1	0.20428495596557028
1	1	0.14759577942351076
1	1	0.22798188271644593
1	1	0.23233082607509303
1	1	0.1146595978760998
1	1	0.24117157943239576
1	1	0.1736278938172544
1	1	0.1392842032901387
1	1	0.20458032366619372
1	1	0.10318430495426467
1	1	0.18438491949552283
1	1	0.12275475236562716
1	1	0.10535213986399761
1	1	0.1369920149328273
1	1	0.13889744258676473
1	1	0.09211660137031119
1	1	0.18680513351717065
1	1	0.11878664527278893
1	1	0.23273282988607558
1	1	0.11541633321677847
1	1	0.19161155983692868
1	1	0.22436314371949095
1	1	0.2271992185639199
1	1	0.13576817011569253
1	0	0.6596454625967041
1	1	0.22251981422719658
1	1	0.32850782874796214
1	1	0.13801521714427512
1	0	0.6738469117554811
1	1	0.470101974034003
1	0	0.5066888374223659
1	0	0.8706285756012861
1	1	0.38348625524106983
1	1	0.11103070986526409
1	1	0.18870247705745846
1	1	0.3809674961419327
1	0	0.8548107324728011
1	1	0.24467451597500234
1	1	0.43490290211831384
1	0	0.6642481826503128
1	1	0.19390592553515262
1	1	0.23232438801605526
1	1	0.1904070470140099
1	1	0.36365781283889753
1	1	0.14457438818948198
1	0	0.8185573970019702
1	1	0.16511194670394458
1	0	0.6036490983927199
1	1	0.21930566158078624
1	1	0.2203312310088389
1	1	0.26320325309975945
1	1	0.14286766183054733
1	1	0.1838057749476899
1	1	0.1383508977215807
1	1	0.24274810375279943
1	1	0.22129023003998438
1	1	0.4288172260407488
1	1	0.2469940609552418
1	1	0.24813723306030422
1	1	0.3483474009046089
1	1	0.1513163529214423
1	1	0.2727477463779333
1	0	0.9192705217344723
1	1	0.25412783287289276
1	1	0.44309449463285566
1	1	0.24027510711868882
1	0	0.5361170576126464
1	1	0.3754947191657596
1	1	0.3501404721734165
1	0	0.8835272397048811
1	0	0.8335451252399194
1	0	0.7426090614326646
1	1	0.2886556503871105
1	1	0.2758973136696523
1	1	0.22225120946712174
1	1	0.09638252681938286
1	1	0.15982454174935212
1	1	0.29120768000152286
1	1	0.19008277315993627
1	1	0.2238264382333014
1	1	0.18860109181081974
1	0	0.7282326261898697
1	1	0.13224852812063792
1	1	0.4302663736151199
1	1	0.1616363244337491
1	1	0.28525643051994554
1	0	0.7592797154779637
1	0	0.6754779333681711
1	0	0.8686332114840415
1	1	0.3939744039637362
1	0	0.7298463919747218
1	1	0.13282227776429467
1	0	0.868663817303782
1	1	0.2141913382630024
1	1	0.1885911390784446
1	1	0.17678564674209318
1	1	0.26505925346526826
1	0	0.5499586228806547
1	0	0.8824609814633442
1	0	0.6925852348909229
1	1	0.18537427682976593
1	0	0.6723898037810183
1	0	0.5175491486644924
1	0	0.8140200749670097
1	1	0.3761332807603812
1	0	0.6404359019189453
1	0	0.5134387446587504
1	0	0.5068915659671105
1	0	0.514193198816455
1	1	0.476044036372793
1	1	0.45549229639796174
1	0	0.7504880219874303
1	1	0.2545101211043006
1	1	0.3374681868619577
1	0	0.9165592367543017
1	0	0.9067788696678882
1	0	0.8064095503059383
1	1	0.3336595845667728
1	0	0.860102829339982
1	0	0.8168569959526754
1	0	0.6967820500568973
1	0	0.904519168605782
1	1	0.4215813408039769
1	0	0.7190453546821685
1	0	0.5388324263113533
1	0	0.6163284318909844
1	1	0.45882377720287293
1	0	0.5921118484240043
1	0	0.8201343682552721
1	1	0.198695054290715
1	0	0.6716387245044992
1	0	0.6104182315910939
1	1	0.3674981281978864
1	1	0.46999748364528693
1	1	0.3926060228268988
1	0	0.508848014897424
1	1	0.36404466127703705
1	0	0.8438754402599377
1	1	0.2713114462911794
1	0	0.7049837994753203
1	1	0.3388962334469925
1	0	0.6502936818683448
1	1	0.44861298098319546
1	1	0.4315563207500358
1	1	0.3265755229684537
1	1	0.47772246279407515
1	0	0.5002768793093346
1	0	0.7289099590414787
1	0	0.688290156105689
1	1	0.4738468315349814
1	0	0.69784599179046
1	0	0.9194239725617445
1	0	0.622159529151931
1	0	0.6244689199531128
1	0	0.5044968798273677
0	0	0.8714320843878904
0	0	0.9243018178482911
1	1	0.33813898735565995
1	0	0.6941969378101325
1	1	0.4152714349976684
1	0	0.6882607025764551
1	1	0.34375111532722824
1	0	0.5473239897801094
1	1	0.25145846600303023
1	1	0.38902483596546267
1	0	0.569242245490104
1	1	0.3694670480361756
1	0	0.5571004693148507
1	0	0.508831310656712
1	0	0.6030153473469297
1	1	0.49335136420170655
1	0	0.5860736855084281
1	1	0.40038592213357627
1	1	0.49400669194473623
1	0	0.5744583100314771
1	0	0.6198118968684381
1	1	0.4683527636684217
1	0	0.5436034215344394
1	1	0.48172662697390667
1	1	0.4579343321958297
1	0	0.7121480563331551
1	1	0.3231441298900777
1	1	0.354252825553258
1	0	0.8559995688787642
1	0	0.7315198860770501
1	0	0.8567110401042799
1	0	0.680659643053837
1	0	0.8242014107698877
1	0	0.796874252480011
1	0	0.8407978847870693
1	0	0.7479488523379048
1	0	0.8598297809391571
1	0	0.7616017756426834
1	0	0.8671348670191841
1	0	0.9096289297327629
1	0	0.7851800959504618
0	0	0.7395430202685702
1	0	0.9035125293991185
1	0	0.6757512889599049
1	0	0.7035384127573872
1	0	0.558290004089478
1	0	0.6305406880566686
1	0	0.5713973516961723
1	0	0.7240166660115629
1	0	0.7254268707790861
1	0	0.9072152836211284
1	0	0.5323522885935483
1	0	0.5416551906823575
1	1	0.42705447256392925
1	0	0.7883658676612877
1	0	0.5585662388550859
1	1	0.41299524956480904
1	0	0.9126246680384027
1	0	0.595170550245256
1	0	0.6371194741404758
1	0	0.7623959911103977
1	1	0.38076892358361125
1	0	0.75227790273265
1	0	0.8316495405801065
1	0	0.7190571690744216
1	0	0.7158221492518293
1	0	0.5449423069146753
1	0	0.7638400432364775
1	1	0.44107119198351574
1	0	0.8095018477195526
1	0	0.664738968638499
1	0	0.8440527083962144
1	1	0.4567367975791278
1	0	0.6367729192455529
1	0	0.8062046350235695
1	0	0.5884088676571086
1	0	0.9030035738769984
1	0	0.809915050494198
1	1	0.397922195429418
1	0	0.754365425484191
1	0	0.5237380139266897
1	0	0.5943392333732753
1	0	0.8815773368778037
1	0	0.9308940481800776
0	0	0.7388175467374256
1	0	0.5979311643758429
1	1	0.20313902316387167
1	0	0.5147502337070038
1	0	0.7834556253694116
1	0	0.6963032967330762
1	1	0.4288135039386507
1	0	0.5124927012721232
1	1	0.09610230057637237
1	1	0.13724513165053487
1	1	0.18773403421877932
1	1	0.09268022006339227
1	1	0.3232106655968392
1	1	0.33101050921446085
1	1	0.13465985122044144
1	1	0.11168306214104506
1	1	0.37072118533113974
1	1	0.10219990838283532
1	1	0.16238364391854632
1	1	0.16118906872762084
1	0	0.5313645655057753
1	0	0.6442111616668911
1	1	0.16967658338130487
1	1	0.21221172150837675
1	1	0.18355351484542215
1	1	0.2477386963396775
1	1	0.1475355609782093
1	1	0.15086049095236143
1	1	0.18701912334102688
1	1	0.1841761224354952
1	1	0.11397110700746149
1	1	0.15707601103830382
1	1	0.16789460464721262
1	1	0.26572446584800624
1	1	0.1567339201501734
1	1	0.20550871339947407
1	1	0.09272272220707001
1	1	0.10485746827560671
1	1	0.21658305375789588
1	1	0.16876615791645921
1	1	0.09441602726015608
1	1	0.11254959523875452
1	1	0.1823227531056154
1	1	0.10316785597928746
1	1	0.1647179012273755
1	1	0.10726400112981782
1	1	0.13504893243190508
1	1	0.15160142356941364
1	1	0.1124799031219349
1	1	0.1858446186359286
1	1	0.3027200052487603
1	1	0.1272987665856128
1	1	0.12712809744655695
1	1	0.1377160725319283
1	1	0.20184290644645364
1	1	0.1680843457028416
1	1	0.10975325558433391
1	1	0.1765167556957118
1	1	0.1705668254987408
1	1	0.1779365708196583
1	1	0.10091693755651587
1	1	0.16403050411743303
1	1	0.14877416422077916
1	1	0.2005250136919543
1	1	0.18008949038251187
1	1	0.16729434771222196
1	1	0.13154870187560752
1	1	0.13291581249961815
1	1	0.12219537694343308
1	1	0.15487483021294024
1	1	0.16672523654231863
1	1	0.10404434265370188
1	1	0.14821593158761703
1	1	0.1455560122763725
1	1	0.16555596298502262
1	1	0.10602601355937269
1	1	0.13092656947535886
1	1	0.21437432117472188
1	1	0.13507147452454749
1	1	0.12101236466396981
1	1	0.09184735828711166
1	1	0.11677361097489491
1	1	0.13588527730487432
1	1	0.15548603514040638
1	1	0.10003194882216793
1	1	0.13708130883967606
1	1	0.17684979700498626
1	1	0.09099550600878048
1	1	0.09251348719615571
1	1	0.09292086336212968
1	1	0.20743859084778882
1	1	0.10315059159908757
1	1	0.32141911722976635
1	1	0.16877173819197555
1	1	0.28258463752488816
1	1	0.23604524612083588
1	1	0.1564547439342906
1	1	0.09541594824160538
1	1	0.16804934357522283
1	1	0.09774330852164126
1	1	0.09411361607773105
1	1	0.1511326988590126
1	1	0.20954019033602156
1	1	0.16470436167849578
1	1	0.14079756943308763
1	1	0.10702988461022878
1	1	0.1674344383294869
1	1	0.11529484642476573
1	1	0.10197443053184052
1	1	0.1543000185770772
1	1	0.13327067246202096
1	1	0.24174781595734396
1	1	0.13797394543717678
1	1	0.1432506896142628
1	1	0.11505581310111124
1	1	0.15498471897563637
1	1	0.14082008846320893
1	1	0.21402007198128503
1	1	0.09639791230709283
1	1	0.11905999446273474
1	1	0.34633355844028
1	1	0.2145323336672038
1	1	0.1875715748391802
1	1	0.1732869852615797
1	1	0.12017072704326681
1	1	0.24696288918527054
1	1	0.11301411767475766
1	1	0.11649065700485006
1	1	0.15438440564233202
1	1	0.27554021553847474
1	1	0.18520200339068305
1	1	0.1502844914887551
1	1	0.2245974337485711
1	1	0.10099718213375108
1	1	0.11909790582840729
1	1	0.1389105584999505
1	1	0.25236043627548443
1	1	0.09733859241063303
1	1	0.1811329890274026
1	1	0.08843105097718806
1	1	0.3404999268892219
1	1	0.1734854467749012
1	1	0.17803614359983289
1	1	0.1220983075419575
1	1	0.23224891575465612
1	1	0.10153628652218982
1	1	0.12421426316459394
1	1	0.12076132095948178
1	1	0.11488134747979317
1	1	0.1012368012288718
1	1	0.20503149817036925
1	1	0.18829422041323707
1	1	0.09441279532084701
1	1	0.129037470086251
1	1	0.09147322366913413
1	1	0.1954982859194322
1	1	0.31070095738047887
1	1	0.21490409926273546
1	1	0.14739994390238254
1	1	0.16957805520624247
1	1	0.23277998239823394
1	1	0.14481144596399054
1	1	0.10449412529642732
1	1	0.1129725444346461
1	1	0.20345845261806428
1	1	0.11959087810800095
1	1	0.12210958920571935
1	1	0.09996815612691279
1	1	0.09928355254147725
1	1	0.11831970331292718
1	1	0.20356803308867988
1	1	0.09897917955385727
1	1	0.1340289997668913
1	1	0.11159082242551022
1	1	0.20067880737933053
1	0	0.6646628169029386
1	1	0.3140354305181031
1	1	0.17215294746729004
1	1	0.27834238342810835
1	1	0.10107759863179455
1	1	0.1671226421311428
1	1	0.15497500435280342
1	1	0.1601794249211318
1	1	0.14290589849073565
1	1	0.1285751879642275
1	1	0.30571959868917586
1	1	0.09218868135395808
1	1	0.14543237108218965
1	0	0.5298016756890715
1	1	0.15029206922058735
1	1	0.1321207437936205
1	1	0.13331669411911928
1	1	0.185722236378707
1	1	0.16570952807322303
1	1	0.12832846814095744
1	1	0.10862720087694
1	1	0.1423687159843513
1	1	0.10802996148282495
1	1	0.19137352295024646
1	1	0.1919198910970017
1	1	0.17718171896139023
1	1	0.14760152294313778
1	1	0.13138963359257738
1	1	0.2131271274953912
1	1	0.19572794758341006
1	1	0.16504101210586386
1	1	0.22775897305192294
1	1	0.16555826444125987
1	1	0.14415700509545204
1	1	0.11785922162225138
1	1	0.16415148088102716
1	1	0.15728415646286487
1	1	0.16229079861100437
1	1	0.14254457744777616
1	1	0.16062219319236948
1	1	0.09845053190893427
1	1	0.43782428502831783
1	1	0.18118340868976635
1	1	0.12912235743634792
1	1	0.19235517955220793
1	1	0.24753963736654672
1	1	0.11971627992821776
1	1	0.22037119715517672
1	1	0.11512269690149013
1	1	0.26673920365901393
1	1	0.1756282593709272
1	1	0.19020284669465148
1	1	0.16953100220330675
1	1	0.17746903412282022
1	1	0.10869602431491576
1	1	0.11073219011628954
1	1	0.17383381282460075
1	1	0.15233523634841262
1	1	0.1753266020275024
1	1	0.10797610293621096
1	1	0.12837088607222458
1	1	0.25712544144529315
1	1	0.0890417725110394
1	1	0.16240109437038142
1	1	0.17027089362268533
0	1	0.23682997746570522
0	1	0.13912210531497793
1	1	0.1576660818638399
1	1	0.09018104769684021
1	1	0.21636768955282237
1	1	0.12010462907131125
1	1	0.1367547524009206
1	1	0.09488626045521453
1	1	0.10473198840775122
1	1	0.12247385125799304
1	1	0.12514328471770864
1	1	0.1012545737283812
1	1	0.15962712203588392
1	1	0.10426376207763077
