precisions	recalls
0.032471437161755864	1.0
0.031889290012033694	0.9814814814814815
0.03190848886213125	0.9814814814814815
0.031927710843373494	0.9814814814814815
0.031946955997588906	0.9814814814814815
0.031966224366706875	0.9814814814814815
0.03198551599275799	0.9814814814814815
0.0320048309178744	0.9814814814814815
0.03202416918429003	0.9814814814814815
0.03204353083434099	0.9814814814814815
0.03206291591046582	0.9814814814814815
0.03208232445520581	0.9814814814814815
0.03210175651120533	0.9814814814814815
0.03212121212121212	0.9814814814814815
0.03214069132807762	0.9814814814814815
0.03216019417475728	0.9814814814814815
0.03217972070431087	0.9814814814814815
0.03219927095990279	0.9814814814814815
0.03221884498480243	0.9814814814814815
0.03223844282238443	0.9814814814814815
0.03225806451612903	0.9814814814814815
0.03227771010962241	0.9814814814814815
0.032297379646556976	0.9814814814814815
0.03231707317073171	0.9814814814814815
0.03233679072605247	0.9814814814814815
0.03235653235653236	0.9814814814814815
0.032376298106292	0.9814814814814815
0.0323960880195599	0.9814814814814815
0.03241590214067278	0.9814814814814815
0.03243574051407589	0.9814814814814815
0.032455603184323334	0.9814814814814815
0.032475490196078434	0.9814814814814815
0.03249540159411404	0.9814814814814815
0.03251533742331288	0.9814814814814815
0.032535297728667895	0.9814814814814815
0.032555282555282554	0.9814814814814815
0.032575291948371235	0.9814814814814815
0.032595325953259535	0.9814814814814815
0.032615384615384616	0.9814814814814815
0.03263546798029557	0.9814814814814815
0.03265557609365373	0.9814814814814815
0.032675709001233046	0.9814814814814815
0.03269586674892042	0.9814814814814815
0.03271604938271605	0.9814814814814815
0.032736256948733784	0.9814814814814815
0.032756489493201486	0.9814814814814815
0.03277674706246135	0.9814814814814815
0.0327970297029703	0.9814814814814815
0.03281733746130031	0.9814814814814815
0.03283767038413878	0.9814814814814815
0.0328580285182889	0.9814814814814815
0.03287841191066997	0.9814814814814815
0.032898820608317815	0.9814814814814815
0.03291925465838509	0.9814814814814815
0.032939714108141706	0.9814814814814815
0.03296019900497513	0.9814814814814815
0.03298070939639079	0.9814814814814815
0.03300124533001245	0.9814814814814815
0.03302180685358255	0.9814814814814815
0.033042394014962596	0.9814814814814815
0.0330630068621335	0.9814814814814815
0.033083645443196	0.9814814814814815
0.03310430980637102	0.9814814814814815
0.033125	0.9814814814814815
0.03314571607254534	0.9814814814814815
0.03316645807259074	0.9814814814814815
0.03318722604884158	0.9814814814814815
0.03320802005012531	0.9814814814814815
0.03322884012539185	0.9814814814814815
0.033249686323713924	0.9814814814814815
0.03327055869428751	0.9814814814814815
0.03329145728643216	0.9814814814814815
0.03331238214959145	0.9814814814814815
0.03333333333333333	0.9814814814814815
0.03335431088735054	0.9814814814814815
0.033375314861460954	0.9814814814814815
0.03339634530560807	0.9814814814814815
0.033417402269861285	0.9814814814814815
0.033438485804416405	0.9814814814814815
0.03345959595959596	0.9814814814814815
0.033480732785849655	0.9814814814814815
0.03350189633375474	0.9814814814814815
0.033523086654016446	0.9814814814814815
0.03354430379746835	0.9814814814814815
0.03356554781507283	0.9814814814814815
0.03358681875792142	0.9814814814814815
0.033608116677235254	0.9814814814814815
0.03362944162436548	0.9814814814814815
0.03365079365079365	0.9814814814814815
0.033672172808132145	0.9814814814814815
0.033693579148124604	0.9814814814814815
0.03371501272264631	0.9814814814814815
0.03373647358370465	0.9814814814814815
0.03375796178343949	0.9814814814814815
0.033779477374123644	0.9814814814814815
0.03380102040816327	0.9814814814814815
0.03382259093809828	0.9814814814814815
0.03384418901660281	0.9814814814814815
0.03386581469648562	0.9814814814814815
0.03388746803069054	0.9814814814814815
0.03390914907229686	0.9814814814814815
0.03393085787451985	0.9814814814814815
0.033952594490711085	0.9814814814814815
0.03397435897435897	0.9814814814814815
0.03399615137908916	0.9814814814814815
0.03401797175866496	0.9814814814814815
0.0340398201669878	0.9814814814814815
0.03406169665809768	0.9814814814814815
0.03408360128617363	0.9814814814814815
0.0341055341055341	0.9814814814814815
0.03412749517063748	0.9814814814814815
0.03414948453608247	0.9814814814814815
0.03417150225660864	0.9814814814814815
0.034193548387096775	0.9814814814814815
0.0342156229825694	0.9814814814814815
0.034237726098191215	0.9814814814814815
0.03425985778926956	0.9814814814814815
0.03428201811125485	0.9814814814814815
0.0343042071197411	0.9814814814814815
0.03432642487046632	0.9814814814814815
0.034348671419313026	0.9814814814814815
0.03437094682230869	0.9814814814814815
0.03439325113562622	0.9814814814814815
0.03441558441558441	0.9814814814814815
0.03443794671864847	0.9814814814814815
0.03446033810143043	0.9814814814814815
0.034482758620689655	0.9814814814814815
0.034505208333333336	0.9814814814814815
0.03452768729641694	0.9814814814814815
0.03455019556714472	0.9814814814814815
0.03457273320287019	0.9814814814814815
0.034595300261096605	0.9814814814814815
0.034617896799477466	0.9814814814814815
0.034640522875816995	0.9814814814814815
0.03466317854807063	0.9814814814814815
0.03468586387434555	0.9814814814814815
0.03470857891290111	0.9814814814814815
0.03473132372214941	0.9814814814814815
0.03475409836065574	0.9814814814814815
0.03477690288713911	0.9814814814814815
0.03479973736047275	0.9814814814814815
0.03482260183968462	0.9814814814814815
0.034845496383957925	0.9814814814814815
0.034868421052631576	0.9814814814814815
0.03489137590520079	0.9814814814814815
0.03491436100131752	0.9814814814814815
0.03493737640079104	0.9814814814814815
0.03496042216358839	0.9814814814814815
0.03498349834983498	0.9814814814814815
0.03500660501981506	0.9814814814814815
0.03502974223397224	0.9814814814814815
0.03505291005291005	0.9814814814814815
0.03507610853739246	0.9814814814814815
0.035099337748344374	0.9814814814814815
0.03512259774685222	0.9814814814814815
0.035145888594164454	0.9814814814814815
0.035169210351692105	0.9814814814814815
0.0351925630810093	0.9814814814814815
0.03521594684385382	0.9814814814814815
0.03523936170212766	0.9814814814814815
0.03526280771789754	0.9814814814814815
0.035286284953395475	0.9814814814814815
0.03530979347101932	0.9814814814814815
0.035333333333333335	0.9814814814814815
0.035356904603068715	0.9814814814814815
0.035380507343124167	0.9814814814814815
0.035404141616566465	0.9814814814814815
0.03542780748663102	0.9814814814814815
0.03545150501672241	0.9814814814814815
0.03547523427041499	0.9814814814814815
0.03549899531145345	0.9814814814814815
0.035522788203753354	0.9814814814814815
0.035546613011401745	0.9814814814814815
0.03557046979865772	0.9814814814814815
0.035594358629952985	0.9814814814814815
0.035618279569892476	0.9814814814814815
0.03564223268325487	0.9814814814814815
0.03566621803499327	0.9814814814814815
0.03569023569023569	0.9814814814814815
0.03571428571428571	0.9814814814814815
0.03573836817262306	0.9814814814814815
0.03576248313090418	0.9814814814814815
0.03578663065496286	0.9814814814814815
0.03581081081081081	0.9814814814814815
0.03583502366463827	0.9814814814814815
0.03585926928281461	0.9814814814814815
0.03588354773188896	0.9814814814814815
0.03590785907859079	0.9814814814814815
0.03593220338983051	0.9814814814814815
0.03595658073270014	0.9814814814814815
0.03598099117447386	0.9814814814814815
0.036005434782608696	0.9814814814814815
0.03602991162474507	0.9814814814814815
0.03605442176870748	0.9814814814814815
0.03607896528250511	0.9814814814814815
0.036103542234332424	0.9814814814814815
0.03612815269256987	0.9814814814814815
0.03615279672578445	0.9814814814814815
0.03617747440273038	0.9814814814814815
0.036202185792349725	0.9814814814814815
0.036226930963773066	0.9814814814814815
0.03625170998632011	0.9814814814814815
0.03627652292950034	0.9814814814814815
0.036301369863013695	0.9814814814814815
0.0363262508567512	0.9814814814814815
0.03635116598079561	0.9814814814814815
0.0363761153054221	0.9814814814814815
0.036401098901098904	0.9814814814814815
0.036426116838487975	0.9814814814814815
0.03645116918844567	0.9814814814814815
0.0364762560220234	0.9814814814814815
0.03650137741046832	0.9814814814814815
0.03652653342522398	0.9814814814814815
0.036551724137931035	0.9814814814814815
0.03657694962042788	0.9814814814814815
0.03660220994475138	0.9814814814814815
0.036627505183137524	0.9814814814814815
0.03665283540802213	0.9814814814814815
0.03667820069204152	0.9814814814814815
0.036703601108033244	0.9814814814814815
0.036729036729036726	0.9814814814814815
0.036754507628294034	0.9814814814814815
0.03678001387925052	0.9814814814814815
0.03680555555555556	0.9814814814814815
0.03683113273106324	0.9814814814814815
0.0368567454798331	0.9814814814814815
0.03688239387613083	0.9814814814814815
0.03690807799442897	0.9814814814814815
0.036933797909407665	0.9814814814814815
0.03695955369595537	0.9814814814814815
0.03698534542916958	0.9814814814814815
0.037011173184357544	0.9814814814814815
0.037037037037037035	0.9814814814814815
0.03706293706293706	0.9814814814814815
0.0370888733379986	0.9814814814814815
0.03711484593837535	0.9814814814814815
0.03714085494043448	0.9814814814814815
0.03716690042075736	0.9814814814814815
0.037192982456140354	0.9814814814814815
0.037219101123595506	0.9814814814814815
0.03724525650035137	0.9814814814814815
0.03727144866385373	0.9814814814814815
0.03729767769176636	0.9814814814814815
0.03732394366197183	0.9814814814814815
0.037350246652572236	0.9814814814814815
0.03737658674188998	0.9814814814814815
0.0374029640084686	0.9814814814814815
0.03742937853107345	0.9814814814814815
0.03745583038869258	0.9814814814814815
0.03748231966053748	0.9814814814814815
0.03750884642604388	0.9814814814814815
0.037535410764872525	0.9814814814814815
0.03756201275690999	0.9814814814814815
0.0375886524822695	0.9814814814814815
0.03761533002129169	0.9814814814814815
0.037642045454545456	0.9814814814814815
0.037668798862828715	0.9814814814814815
0.03769559032716927	0.9814814814814815
0.03772241992882562	0.9814814814814815
0.03774928774928775	0.9814814814814815
0.037776193870277974	0.9814814814814815
0.037803138373751786	0.9814814814814815
0.03783012134189864	0.9814814814814815
0.03785714285714286	0.9814814814814815
0.03788420300214439	0.9814814814814815
0.03791130185979971	0.9814814814814815
0.03793843951324266	0.9814814814814815
0.03796561604584527	0.9814814814814815
0.03799283154121864	0.9814814814814815
0.03802008608321377	0.9814814814814815
0.03804737975592247	0.9814814814814815
0.03807471264367816	0.9814814814814815
0.038102084831056794	0.9814814814814815
0.038129496402877695	0.9814814814814815
0.03815694744420446	0.9814814814814815
0.03818443804034582	0.9814814814814815
0.03821196827685652	0.9814814814814815
0.03823953823953824	0.9814814814814815
0.038267148014440436	0.9814814814814815
0.03829479768786127	0.9814814814814815
0.038322487346348515	0.9814814814814815
0.03835021707670044	0.9814814814814815
0.03837798696596669	0.9814814814814815
0.03840579710144928	0.9814814814814815
0.03843364757070341	0.9814814814814815
0.038461538461538464	0.9814814814814815
0.03848946986201888	0.9814814814814815
0.038517441860465115	0.9814814814814815
0.03854545454545454	0.9814814814814815
0.03857350800582242	0.9814814814814815
0.03860160233066278	0.9814814814814815
0.038629737609329445	0.9814814814814815
0.03865791393143691	0.9814814814814815
0.03868613138686131	0.9814814814814815
0.03871439006574142	0.9814814814814815
0.03874269005847953	0.9814814814814815
0.038771031455742504	0.9814814814814815
0.038799414348462666	0.9814814814814815
0.03882783882783883	0.9814814814814815
0.038856304985337244	0.9814814814814815
0.03888481291269259	0.9814814814814815
0.038913362701908955	0.9814814814814815
0.038941954445260836	0.9814814814814815
0.03897058823529412	0.9814814814814815
0.03899926416482708	0.9814814814814815
0.0390279823269514	0.9814814814814815
0.039056742815033164	0.9814814814814815
0.03908554572271387	0.9814814814814815
0.03911439114391144	0.9814814814814815
0.03914327917282127	0.9814814814814815
0.03917220990391722	0.9814814814814815
0.03920118343195266	0.9814814814814815
0.03923019985196151	0.9814814814814815
0.03925925925925926	0.9814814814814815
0.039288361749444035	0.9814814814814815
0.039317507418397624	0.9814814814814815
0.03934669636228656	0.9814814814814815
0.03937592867756315	0.9814814814814815
0.03940520446096654	0.9814814814814815
0.03943452380952381	0.9814814814814815
0.039463886820551006	0.9814814814814815
0.039493293591654245	0.9814814814814815
0.0395227442207308	0.9814814814814815
0.03955223880597015	0.9814814814814815
0.039581777445855115	0.9814814814814815
0.03961136023916293	0.9814814814814815
0.039640987284966345	0.9814814814814815
0.03967065868263473	0.9814814814814815
0.039700374531835204	0.9814814814814815
0.03973013493253373	0.9814814814814815
0.03975993998499625	0.9814814814814815
0.03978978978978979	0.9814814814814815
0.039819684447783624	0.9814814814814815
0.03984962406015038	0.9814814814814815
0.0398796087283672	0.9814814814814815
0.039909638554216864	0.9814814814814815
0.039939713639788994	0.9814814814814815
0.03996983408748114	0.9814814814814815
0.04	0.9814814814814815
0.04003021148036254	0.9814814814814815
0.0400604686318972	0.9814814814814815
0.040090771558245086	0.9814814814814815
0.04012112036336109	0.9814814814814815
0.04015151515151515	0.9814814814814815
0.0401819560272934	0.9814814814814815
0.04021244309559939	0.9814814814814815
0.040242976461655276	0.9814814814814815
0.04027355623100304	0.9814814814814815
0.0403041825095057	0.9814814814814815
0.04033485540334855	0.9814814814814815
0.04036557501904037	0.9814814814814815
0.040396341463414635	0.9814814814814815
0.04042715484363082	0.9814814814814815
0.04045801526717557	0.9814814814814815
0.04048892284186402	0.9814814814814815
0.040519877675840976	0.9814814814814815
0.04055087987758225	0.9814814814814815
0.04058192955589587	0.9814814814814815
0.04061302681992337	0.9814814814814815
0.040644171779141106	0.9814814814814815
0.04067536454336147	0.9814814814814815
0.040706605222734255	0.9814814814814815
0.04073789392774789	0.9814814814814815
0.040769230769230766	0.9814814814814815
0.04080061585835258	0.9814814814814815
0.040832049306625574	0.9814814814814815
0.040863531225905934	0.9814814814814815
0.04089506172839506	0.9814814814814815
0.040926640926640924	0.9814814814814815
0.04095826893353941	0.9814814814814815
0.040989945862335654	0.9814814814814815
0.04102167182662539	0.9814814814814815
0.041053446940356314	0.9814814814814815
0.04108527131782946	0.9814814814814815
0.041117145073700546	0.9814814814814815
0.04114906832298137	0.9814814814814815
0.041181041181041184	0.9814814814814815
0.04121306376360809	0.9814814814814815
0.04124513618677043	0.9814814814814815
0.04127725856697819	0.9814814814814815
0.041309431021044424	0.9814814814814815
0.041341653666146644	0.9814814814814815
0.04137392661982826	0.9814814814814815
0.04140625	0.9814814814814815
0.04143862392494136	0.9814814814814815
0.041471048513302036	0.9814814814814815
0.04150352388410337	0.9814814814814815
0.041536050156739814	0.9814814814814815
0.04156862745098039	0.9814814814814815
0.041601255886970175	0.9814814814814815
0.041633935585231735	0.9814814814814815
0.041666666666666664	0.9814814814814815
0.041699449252557044	0.9814814814814815
0.04173228346456693	0.9814814814814815
0.04176516942474389	0.9814814814814815
0.0417981072555205	0.9814814814814815
0.041831097079715863	0.9814814814814815
0.04186413902053712	0.9814814814814815
0.04189723320158103	0.9814814814814815
0.041930379746835444	0.9814814814814815
0.04196357878068092	0.9814814814814815
0.041996830427892234	0.9814814814814815
0.04203013481363997	0.9814814814814815
0.04206349206349207	0.9814814814814815
0.04209690230341541	0.9814814814814815
0.04213036565977742	0.9814814814814815
0.042163882259347654	0.9814814814814815
0.04219745222929936	0.9814814814814815
0.04223107569721116	0.9814814814814815
0.04226475279106858	0.9814814814814815
0.04229848363926576	0.9814814814814815
0.04233226837060703	0.9814814814814815
0.042366107114308556	0.9814814814814815
0.0424	0.9814814814814815
0.04243394715772618	0.9814814814814815
0.04246794871794872	0.9814814814814815
0.042502004811547714	0.9814814814814815
0.04253611556982344	0.9814814814814815
0.04257028112449799	0.9814814814814815
0.04260450160771704	0.9814814814814815
0.042638777152051485	0.9814814814814815
0.0426731078904992	0.9814814814814815
0.0427074939564867	0.9814814814814815
0.042741935483870966	0.9814814814814815
0.042776432606941084	0.9814814814814815
0.04281098546042003	0.9814814814814815
0.04284559417946645	0.9814814814814815
0.04288025889967637	0.9814814814814815
0.04291497975708502	0.9814814814814815
0.04294975688816856	0.9814814814814815
0.042984590429845905	0.9814814814814815
0.04301948051948052	0.9814814814814815
0.04305442729488221	0.9814814814814815
0.043089430894308944	0.9814814814814815
0.043124491456468676	0.9814814814814815
0.04315960912052117	0.9814814814814815
0.04319478402607987	0.9814814814814815
0.0432300163132137	0.9814814814814815
0.04326530612244898	0.9814814814814815
0.04330065359477124	0.9814814814814815
0.04333605887162715	0.9814814814814815
0.04337152209492635	0.9814814814814815
0.043407043407043405	0.9814814814814815
0.04344262295081967	0.9814814814814815
0.043478260869565216	0.9814814814814815
0.04351395730706076	0.9814814814814815
0.043549712407559574	0.9814814814814815
0.04358552631578947	0.9814814814814815
0.043621399176954734	0.9814814814814815
0.04365733113673806	0.9814814814814815
0.043693322341302555	0.9814814814814815
0.04372937293729373	0.9814814814814815
0.04376548307184145	0.9814814814814815
0.043801652892561986	0.9814814814814815
0.043837882547559964	0.9814814814814815
0.043874172185430466	0.9814814814814815
0.043910521955260975	0.9814814814814815
0.0439469320066335	0.9814814814814815
0.04398340248962656	0.9814814814814815
0.04401993355481727	0.9814814814814815
0.04405652535328346	0.9814814814814815
0.04409317803660566	0.9814814814814815
0.04412989175686927	0.9814814814814815
0.04416666666666667	0.9814814814814815
0.04420350291909925	0.9814814814814815
0.04424040066777963	0.9814814814814815
0.04427736006683375	0.9814814814814815
0.04431438127090301	0.9814814814814815
0.04435146443514645	0.9814814814814815
0.04438860971524288	0.9814814814814815
0.04442581726739313	0.9814814814814815
0.044463087248322146	0.9814814814814815
0.04450041981528128	0.9814814814814815
0.04453781512605042	0.9814814814814815
0.044575273338940284	0.9814814814814815
0.04461279461279461	0.9814814814814815
0.04465037910699242	0.9814814814814815
0.04468802698145025	0.9814814814814815
0.04472573839662447	0.9814814814814815
0.044763513513513514	0.9814814814814815
0.044801352493660185	0.9814814814814815
0.04483925549915398	0.9814814814814815
0.04487722269263336	0.9814814814814815
0.044915254237288135	0.9814814814814815
0.04495335029686175	0.9814814814814815
0.04499151103565365	0.9814814814814815
0.045029736618521665	0.9814814814814815
0.045068027210884355	0.9814814814814815
0.0451063829787234	0.9814814814814815
0.04514480408858603	0.9814814814814815
0.045183290707587385	0.9814814814814815
0.04522184300341297	0.9814814814814815
0.04526046114432109	0.9814814814814815
0.0452991452991453	0.9814814814814815
0.045337895637296836	0.9814814814814815
0.045376712328767124	0.9814814814814815
0.04541559554413025	0.9814814814814815
0.045454545454545456	0.9814814814814815
0.045493562231759654	0.9814814814814815
0.04553264604810996	0.9814814814814815
0.04557179707652623	0.9814814814814815
0.04561101549053356	0.9814814814814815
0.04565030146425495	0.9814814814814815
0.045689655172413794	0.9814814814814815
0.0457290767903365	0.9814814814814815
0.045768566493955096	0.9814814814814815
0.045808124459809856	0.9814814814814815
0.045847750865051905	0.9814814814814815
0.04588744588744589	0.9814814814814815
0.04592720970537262	0.9814814814814815
0.04596704249783174	0.9814814814814815
0.04600694444444445	0.9814814814814815
0.046046915725456126	0.9814814814814815
0.04608695652173913	0.9814814814814815
0.04612706701479547	0.9814814814814815
0.046167247386759584	0.9814814814814815
0.046207497820401046	0.9814814814814815
0.0462478184991274	0.9814814814814815
0.0462882096069869	0.9814814814814815
0.04632867132867133	0.9814814814814815
0.04636920384951881	0.9814814814814815
0.046409807355516634	0.9814814814814815
0.04645048203330412	0.9814814814814815
0.04649122807017544	0.9814814814814815
0.046532045654082525	0.9814814814814815
0.04657293497363796	0.9814814814814815
0.04661389621811785	0.9814814814814815
0.04665492957746479	0.9814814814814815
0.04669603524229075	0.9814814814814815
0.04673721340388007	0.9814814814814815
0.04677846425419241	0.9814814814814815
0.046819787985865724	0.9814814814814815
0.046861184792219276	0.9814814814814815
0.046902654867256637	0.9814814814814815
0.046944198405668734	0.9814814814814815
0.04698581560283688	0.9814814814814815
0.04702750665483585	0.9814814814814815
0.04706927175843695	0.9814814814814815
0.04711111111111111	0.9814814814814815
0.04715302491103203	0.9814814814814815
0.04719501335707925	0.9814814814814815
0.04723707664884135	0.9814814814814815
0.04727921498661909	0.9814814814814815
0.04732142857142857	0.9814814814814815
0.04736371760500447	0.9814814814814815
0.04740608228980322	0.9814814814814815
0.047448522829006266	0.9814814814814815
0.047491039426523295	0.9814814814814815
0.04753363228699552	0.9814814814814815
0.04757630161579892	0.9814814814814815
0.047619047619047616	0.9814814814814815
0.047661870503597124	0.9814814814814815
0.04770477047704771	0.9814814814814815
0.047747747747747746	0.9814814814814815
0.047790802524797116	0.9814814814814815
0.04783393501805054	0.9814814814814815
0.04787714543812105	0.9814814814814815
0.04792043399638336	0.9814814814814815
0.04796380090497738	0.9814814814814815
0.04800724637681159	0.9814814814814815
0.04805077062556664	0.9814814814814815
0.04809437386569873	0.9814814814814815
0.048138056312443236	0.9814814814814815
0.04818181818181818	0.9814814814814815
0.048225659690627844	0.9814814814814815
0.0482695810564663	0.9814814814814815
0.04831358249772106	0.9814814814814815
0.048357664233576646	0.9814814814814815
0.048401826484018265	0.9814814814814815
0.048446069469835464	0.9814814814814815
0.0484903934126258	0.9814814814814815
0.048534798534798536	0.9814814814814815
0.04857928505957837	0.9814814814814815
0.04862385321100918	0.9814814814814815
0.048668503213957756	0.9814814814814815
0.04871323529411765	0.9814814814814815
0.04875804967801288	0.9814814814814815
0.04880294659300184	0.9814814814814815
0.04884792626728111	0.9814814814814815
0.048892988929889296	0.9814814814814815
0.048938134810710986	0.9814814814814815
0.048983364140480594	0.9814814814814815
0.04902867715078631	0.9814814814814815
0.049074074074074076	0.9814814814814815
0.04911955514365153	0.9814814814814815
0.04916512059369202	0.9814814814814815
0.04921077065923862	0.9814814814814815
0.04925650557620818	0.9814814814814815
0.04930232558139535	0.9814814814814815
0.049348230912476726	0.9814814814814815
0.049394221808014914	0.9814814814814815
0.049440298507462684	0.9814814814814815
0.04948646125116713	0.9814814814814815
0.04953271028037383	0.9814814814814815
0.04957904583723106	0.9814814814814815
0.04962546816479401	0.9814814814814815
0.04967197750702906	0.9814814814814815
0.04971857410881801	0.9814814814814815
0.04976525821596244	0.9814814814814815
0.04981203007518797	0.9814814814814815
0.04985888993414864	0.9814814814814815
0.04990583804143126	0.9814814814814815
0.04995287464655985	0.9814814814814815
0.05	0.9814814814814815
0.05004721435316336	0.9814814814814815
0.0500945179584121	0.9814814814814815
0.050141911069063384	0.9814814814814815
0.050189393939393936	0.9814814814814815
0.05023696682464455	0.9814814814814815
0.05028462998102467	0.9814814814814815
0.050332383665717	0.9814814814814815
0.05038022813688213	0.9814814814814815
0.05042816365366318	0.9814814814814815
0.05047619047619047	0.9814814814814815
0.05052430886558627	0.9814814814814815
0.05057251908396947	0.9814814814814815
0.050620821394460364	0.9814814814814815
0.05066921606118547	0.9814814814814815
0.05071770334928229	0.9814814814814815
0.05076628352490421	0.9814814814814815
0.05081495685522531	0.9814814814814815
0.0508637236084453	0.9814814814814815
0.05091258405379443	0.9814814814814815
0.05096153846153846	0.9814814814814815
0.05101058710298364	0.9814814814814815
0.051059730250481696	0.9814814814814815
0.05110896817743491	0.9814814814814815
0.05115830115830116	0.9814814814814815
0.051207729468599035	0.9814814814814815
0.05125725338491296	0.9814814814814815
0.051306873184898356	0.9814814814814815
0.05135658914728682	0.9814814814814815
0.05140640155189137	0.9814814814814815
0.05145631067961165	0.9814814814814815
0.05150631681243926	0.9814814814814815
0.05155642023346303	0.9814814814814815
0.05160662122687439	0.9814814814814815
0.05165692007797271	0.9814814814814815
0.05170731707317073	0.9814814814814815
0.0517578125	0.9814814814814815
0.05180840664711633	0.9814814814814815
0.05185909980430528	0.9814814814814815
0.05190989226248776	0.9814814814814815
0.05196078431372549	0.9814814814814815
0.052011776251226695	0.9814814814814815
0.05206286836935167	0.9814814814814815
0.05211406096361849	0.9814814814814815
0.05216535433070866	0.9814814814814815
0.052216748768472904	0.9814814814814815
0.05226824457593689	0.9814814814814815
0.05231984205330701	0.9814814814814815
0.05237154150197629	0.9814814814814815
0.05242334322453017	0.9814814814814815
0.05247524752475247	0.9814814814814815
0.05252725470763132	0.9814814814814815
0.05257936507936508	0.9814814814814815
0.05263157894736842	0.9814814814814815
0.05268389662027833	0.9814814814814815
0.0527363184079602	0.9814814814814815
0.052788844621513946	0.9814814814814815
0.05284147557328016	0.9814814814814815
0.05289421157684631	0.9814814814814815
0.052947052947052944	0.9814814814814815
0.053	0.9814814814814815
0.05305305305305305	0.9814814814814815
0.0531062124248497	0.9814814814814815
0.05315947843530592	0.9814814814814815
0.05321285140562249	0.9814814814814815
0.053266331658291456	0.9814814814814815
0.05331991951710262	0.9814814814814815
0.05337361530715005	0.9814814814814815
0.05342741935483871	0.9814814814814815
0.05348133198789102	0.9814814814814815
0.05353535353535353	0.9814814814814815
0.05358948432760364	0.9814814814814815
0.053643724696356275	0.9814814814814815
0.05369807497467072	0.9814814814814815
0.0537525354969574	0.9814814814814815
0.05380710659898477	0.9814814814814815
0.05386178861788618	0.9814814814814815
0.05391658189216684	0.9814814814814815
0.0539714867617108	0.9814814814814815
0.05402650356778797	0.9814814814814815
0.05408163265306123	0.9814814814814815
0.054136874361593465	0.9814814814814815
0.0541922290388548	0.9814814814814815
0.05424769703172978	0.9814814814814815
0.05430327868852459	0.9814814814814815
0.05435897435897436	0.9814814814814815
0.054414784394250515	0.9814814814814815
0.05447070914696814	0.9814814814814815
0.05452674897119342	0.9814814814814815
0.05458290422245108	0.9814814814814815
0.05463917525773196	0.9814814814814815
0.054695562435500514	0.9814814814814815
0.05475206611570248	0.9814814814814815
0.05480868665977249	0.9814814814814815
0.054865424430641824	0.9814814814814815
0.054922279792746116	0.9814814814814815
0.054979253112033194	0.9814814814814815
0.055036344755970926	0.9814814814814815
0.0550935550935551	0.9814814814814815
0.055150884495317375	0.9814814814814815
0.05520833333333333	0.9814814814814815
0.05526590198123045	0.9814814814814815
0.055323590814196244	0.9814814814814815
0.055381400208986416	0.9814814814814815
0.05543933054393305	0.9814814814814815
0.05549738219895288	0.9814814814814815
0.05555555555555555	0.9814814814814815
0.055613850996852045	0.9814814814814815
0.05567226890756303	0.9814814814814815
0.05573080967402734	0.9814814814814815
0.05578947368421053	0.9814814814814815
0.05584826132771338	0.9814814814814815
0.05590717299578059	0.9814814814814815
0.0559662090813094	0.9814814814814815
0.056025369978858354	0.9814814814814815
0.056084656084656084	0.9814814814814815
0.05614406779661017	0.9814814814814815
0.05620360551431601	0.9814814814814815
0.05626326963906582	0.9814814814814815
0.0563230605738576	0.9814814814814815
0.05638297872340425	0.9814814814814815
0.05644302449414271	0.9814814814814815
0.05650319829424307	0.9814814814814815
0.05656350053361793	0.9814814814814815
0.056623931623931624	0.9814814814814815
0.05668449197860963	0.9814814814814815
0.056745182012847964	0.9814814814814815
0.05680600214362272	0.9814814814814815
0.05686695278969957	0.9814814814814815
0.05692803437164339	0.9814814814814815
0.05698924731182796	0.9814814814814815
0.05705059203444564	0.9814814814814815
0.057112068965517244	0.9814814814814815
0.05717367853290183	0.9814814814814815
0.05723542116630669	0.9814814814814815
0.057297297297297295	0.9814814814814815
0.05735930735930736	0.9814814814814815
0.05742145178764897	0.9814814814814815
0.057483731019522775	0.9814814814814815
0.05754614549402823	0.9814814814814815
0.057608695652173914	0.9814814814814815
0.05767138193688792	0.9814814814814815
0.05773420479302832	0.9814814814814815
0.05779716466739367	0.9814814814814815
0.05786026200873363	0.9814814814814815
0.05792349726775956	0.9814814814814815
0.05798687089715536	0.9814814814814815
0.05805038335158817	0.9814814814814815
0.0581140350877193	0.9814814814814815
0.05817782656421515	0.9814814814814815
0.05824175824175824	0.9814814814814815
0.058305830583058306	0.9814814814814815
0.05837004405286344	0.9814814814814815
0.05843439911797133	0.9814814814814815
0.05849889624724062	0.9814814814814815
0.05856353591160221	0.9814814814814815
0.0586283185840708	0.9814814814814815
0.058693244739756366	0.9814814814814815
0.058758314855875834	0.9814814814814815
0.058823529411764705	0.9814814814814815
0.058888888888888886	0.9814814814814815
0.058954393770856504	0.9814814814814815
0.05902004454342984	0.9814814814814815
0.059085841694537344	0.9814814814814815
0.05915178571428571	0.9814814814814815
0.05921787709497207	0.9814814814814815
0.0592841163310962	0.9814814814814815
0.0593505039193729	0.9814814814814815
0.05941704035874439	0.9814814814814815
0.05948372615039282	0.9814814814814815
0.05955056179775281	0.9814814814814815
0.05961754780652419	0.9814814814814815
0.059684684684684686	0.9814814814814815
0.05975197294250282	0.9814814814814815
0.05869074492099323	0.9629629629629629
0.05875706214689266	0.9629629629629629
0.058823529411764705	0.9629629629629629
0.05889014722536806	0.9629629629629629
0.05895691609977324	0.9629629629629629
0.05902383654937571	0.9629629629629629
0.05909090909090909	0.9629629629629629
0.05915813424345848	0.9629629629629629
0.05922551252847381	0.9629629629629629
0.059293044469783354	0.9629629629629629
0.0593607305936073	0.9629629629629629
0.05942857142857143	0.9629629629629629
0.059496567505720827	0.9629629629629629
0.05956471935853379	0.9629629629629629
0.05963302752293578	0.9629629629629629
0.05970149253731343	0.9629629629629629
0.059770114942528735	0.9629629629629629
0.05983889528193326	0.9629629629629629
0.059907834101382486	0.9629629629629629
0.05997693194925029	0.9629629629629629
0.06004618937644342	0.9629629629629629
0.06011560693641618	0.9629629629629629
0.06018518518518518	0.9629629629629629
0.06025492468134415	0.9629629629629629
0.060324825986078884	0.9629629629629629
0.06039488966318235	0.9629629629629629
0.06046511627906977	0.9629629629629629
0.06053550640279395	0.9629629629629629
0.06060606060606061	0.9629629629629629
0.060676779463243874	0.9629629629629629
0.06074766355140187	0.9629629629629629
0.0608187134502924	0.9629629629629629
0.06088992974238876	0.9629629629629629
0.06096131301289566	0.9629629629629629
0.06103286384976526	0.9629629629629629
0.06110458284371328	0.9629629629629629
0.0611764705882353	0.9629629629629629
0.061248527679623084	0.9629629629629629
0.06132075471698113	0.9629629629629629
0.06139315230224321	0.9629629629629629
0.061465721040189124	0.9629629629629629
0.06153846153846154	0.9629629629629629
0.061611374407582936	0.9629629629629629
0.06168446026097272	0.9629629629629629
0.06175771971496437	0.9629629629629629
0.06183115338882283	0.9629629629629629
0.06190476190476191	0.9629629629629629
0.06197854588796186	0.9629629629629629
0.06205250596658711	0.9629629629629629
0.06212664277180406	0.9629629629629629
0.06220095693779904	0.9629629629629629
0.06227544910179641	0.9629629629629629
0.06235011990407674	0.9629629629629629
0.062424969987995196	0.9629629629629629
0.0625	0.9629629629629629
0.06257521058965103	0.9629629629629629
0.06265060240963856	0.9629629629629629
0.06272617611580217	0.9629629629629629
0.06280193236714976	0.9629629629629629
0.06287787182587666	0.9629629629629629
0.06295399515738499	0.9629629629629629
0.06303030303030303	0.9629629629629629
0.06310679611650485	0.9629629629629629
0.06318347509113001	0.9629629629629629
0.06326034063260341	0.9629629629629629
0.06333739342265529	0.9629629629629629
0.06341463414634146	0.9629629629629629
0.06349206349206349	0.9629629629629629
0.06356968215158924	0.9629629629629629
0.06364749082007344	0.9629629629629629
0.06372549019607843	0.9629629629629629
0.0638036809815951	0.9629629629629629
0.06388206388206388	0.9629629629629629
0.06396063960639606	0.9629629629629629
0.06403940886699508	0.9629629629629629
0.06411837237977805	0.9629629629629629
0.06419753086419754	0.9629629629629629
0.06427688504326329	0.9629629629629629
0.06435643564356436	0.9629629629629629
0.0644361833952912	0.9629629629629629
0.06451612903225806	0.9629629629629629
0.06459627329192547	0.9629629629629629
0.06467661691542288	0.9629629629629629
0.0647571606475716	0.9629629629629629
0.06483790523690773	0.9629629629629629
0.06491885143570537	0.9629629629629629
0.065	0.9629629629629629
0.06508135168961202	0.9629629629629629
0.06516290726817042	0.9629629629629629
0.06524466750313676	0.9629629629629629
0.06532663316582915	0.9629629629629629
0.06540880503144654	0.9629629629629629
0.0654911838790932	0.9629629629629629
0.06557377049180328	0.9629629629629629
0.06565656565656566	0.9629629629629629
0.06573957016434892	0.9629629629629629
0.06582278481012659	0.9629629629629629
0.06590621039290241	0.9629629629629629
0.06598984771573604	0.9629629629629629
0.06607369758576874	0.9629629629629629
0.06615776081424936	0.9629629629629629
0.06624203821656051	0.9629629629629629
0.0663265306122449	0.9629629629629629
0.06641123882503193	0.9629629629629629
0.06649616368286446	0.9629629629629629
0.06658130601792574	0.9629629629629629
0.06666666666666667	0.9629629629629629
0.06675224646983312	0.9629629629629629
0.06683804627249357	0.9629629629629629
0.06692406692406692	0.9629629629629629
0.06701030927835051	0.9629629629629629
0.06709677419354838	0.9629629629629629
0.06718346253229975	0.9629629629629629
0.06727037516170763	0.9629629629629629
0.06735751295336788	0.9629629629629629
0.06744487678339818	0.9629629629629629
0.06753246753246753	0.9629629629629629
0.06762028608582575	0.9629629629629629
0.06770833333333333	0.9629629629629629
0.06779661016949153	0.9629629629629629
0.06788511749347259	0.9629629629629629
0.06797385620915032	0.9629629629629629
0.06806282722513089	0.9629629629629629
0.06815203145478375	0.9629629629629629
0.06824146981627296	0.9629629629629629
0.0683311432325887	0.9629629629629629
0.06842105263157895	0.9629629629629629
0.06851119894598155	0.9629629629629629
0.06860158311345646	0.9629629629629629
0.06869220607661823	0.9629629629629629
0.06878306878306878	0.9629629629629629
0.06887417218543046	0.9629629629629629
0.06896551724137931	0.9629629629629629
0.06905710491367861	0.9629629629629629
0.06914893617021277	0.9629629629629629
0.0692410119840213	0.9629629629629629
0.06933333333333333	0.9629629629629629
0.06942590120160214	0.9629629629629629
0.06951871657754011	0.9629629629629629
0.06961178045515395	0.9629629629629629
0.06970509383378017	0.9629629629629629
0.0697986577181208	0.9629629629629629
0.06989247311827956	0.9629629629629629
0.06998654104979811	0.9629629629629629
0.07008086253369272	0.9629629629629629
0.07017543859649122	0.9629629629629629
0.07027027027027027	0.9629629629629629
0.07036535859269283	0.9629629629629629
0.07046070460704607	0.9629629629629629
0.07055630936227951	0.9629629629629629
0.07065217391304347	0.9629629629629629
0.0707482993197279	0.9629629629629629
0.07084468664850137	0.9629629629629629
0.07094133697135062	0.9629629629629629
0.07103825136612021	0.9629629629629629
0.07113543091655267	0.9629629629629629
0.07123287671232877	0.9629629629629629
0.07133058984910837	0.9629629629629629
0.07142857142857142	0.9629629629629629
0.07152682255845942	0.9629629629629629
0.07162534435261708	0.9629629629629629
0.07172413793103448	0.9629629629629629
0.0718232044198895	0.9629629629629629
0.07192254495159059	0.9629629629629629
0.07202216066481995	0.9629629629629629
0.07212205270457697	0.9629629629629629
0.07222222222222222	0.9629629629629629
0.07232267037552156	0.9629629629629629
0.07242339832869081	0.9629629629629629
0.07252440725244072	0.9629629629629629
0.07262569832402235	0.9629629629629629
0.07272727272727272	0.9629629629629629
0.07282913165266107	0.9629629629629629
0.0729312762973352	0.9629629629629629
0.07303370786516854	0.9629629629629629
0.07313642756680731	0.9629629629629629
0.07323943661971831	0.9629629629629629
0.07334273624823695	0.9629629629629629
0.07344632768361582	0.9629629629629629
0.07355021216407355	0.9629629629629629
0.07365439093484419	0.9629629629629629
0.07375886524822695	0.9629629629629629
0.07386363636363637	0.9629629629629629
0.07396870554765292	0.9629629629629629
0.07407407407407407	0.9629629629629629
0.07417974322396577	0.9629629629629629
0.07428571428571429	0.9629629629629629
0.07439198855507868	0.9629629629629629
0.07449856733524356	0.9629629629629629
0.0746054519368723	0.9629629629629629
0.07471264367816093	0.9629629629629629
0.07482014388489208	0.9629629629629629
0.07492795389048991	0.9629629629629629
0.07503607503607504	0.9629629629629629
0.07514450867052024	0.9629629629629629
0.07525325615050651	0.9629629629629629
0.07536231884057971	0.9629629629629629
0.07547169811320754	0.9629629629629629
0.0755813953488372	0.9629629629629629
0.07569141193595343	0.9629629629629629
0.07580174927113703	0.9629629629629629
0.07591240875912408	0.9629629629629629
0.07602339181286549	0.9629629629629629
0.07613469985358712	0.9629629629629629
0.07624633431085044	0.9629629629629629
0.0763582966226138	0.9629629629629629
0.07647058823529412	0.9629629629629629
0.07658321060382917	0.9629629629629629
0.07669616519174041	0.9629629629629629
0.07680945347119646	0.9629629629629629
0.07692307692307693	0.9629629629629629
0.07703703703703704	0.9629629629629629
0.0771513353115727	0.9629629629629629
0.07726597325408618	0.9629629629629629
0.07738095238095238	0.9629629629629629
0.07749627421758569	0.9629629629629629
0.07761194029850746	0.9629629629629629
0.07772795216741404	0.9629629629629629
0.07784431137724551	0.9629629629629629
0.07796101949025487	0.9629629629629629
0.07807807807807808	0.9629629629629629
0.07819548872180451	0.9629629629629629
0.0783132530120482	0.9629629629629629
0.0784313725490196	0.9629629629629629
0.07854984894259819	0.9629629629629629
0.07866868381240545	0.9629629629629629
0.07878787878787878	0.9629629629629629
0.07890743550834597	0.9629629629629629
0.0790273556231003	0.9629629629629629
0.0791476407914764	0.9629629629629629
0.07926829268292683	0.9629629629629629
0.07938931297709924	0.9629629629629629
0.07951070336391437	0.9629629629629629
0.07963246554364471	0.9629629629629629
0.07975460122699386	0.9629629629629629
0.07987711213517665	0.9629629629629629
0.08	0.9629629629629629
0.08012326656394453	0.9629629629629629
0.08024691358024691	0.9629629629629629
0.080370942812983	0.9629629629629629
0.0804953560371517	0.9629629629629629
0.08062015503875969	0.9629629629629629
0.08074534161490683	0.9629629629629629
0.08087091757387248	0.9629629629629629
0.08099688473520249	0.9629629629629629
0.0811232449297972	0.9629629629629629
0.08125	0.9629629629629629
0.081377151799687	0.9629629629629629
0.08150470219435736	0.9629629629629629
0.08163265306122448	0.9629629629629629
0.08176100628930817	0.9629629629629629
0.08188976377952756	0.9629629629629629
0.08201892744479496	0.9629629629629629
0.08214849921011058	0.9629629629629629
0.08227848101265822	0.9629629629629629
0.08240887480190175	0.9629629629629629
0.08253968253968254	0.9629629629629629
0.08267090620031796	0.9629629629629629
0.08280254777070063	0.9629629629629629
0.08293460925039872	0.9629629629629629
0.08306709265175719	0.9629629629629629
0.0832	0.9629629629629629
0.08333333333333333	0.9629629629629629
0.08346709470304976	0.9629629629629629
0.08360128617363344	0.9629629629629629
0.08373590982286634	0.9629629629629629
0.08387096774193549	0.9629629629629629
0.0840064620355412	0.9629629629629629
0.08414239482200647	0.9629629629629629
0.08427876823338736	0.9629629629629629
0.08441558441558442	0.9629629629629629
0.08455284552845528	0.9629629629629629
0.08469055374592833	0.9629629629629629
0.08482871125611746	0.9629629629629629
0.08496732026143791	0.9629629629629629
0.0851063829787234	0.9629629629629629
0.08524590163934426	0.9629629629629629
0.08538587848932677	0.9629629629629629
0.08552631578947369	0.9629629629629629
0.085667215815486	0.9629629629629629
0.0858085808580858	0.9629629629629629
0.0859504132231405	0.9629629629629629
0.08609271523178808	0.9629629629629629
0.08623548922056384	0.9629629629629629
0.08637873754152824	0.9629629629629629
0.08652246256239601	0.9629629629629629
0.08666666666666667	0.9629629629629629
0.08681135225375626	0.9629629629629629
0.08695652173913043	0.9629629629629629
0.08710217755443886	0.9629629629629629
0.087248322147651	0.9629629629629629
0.08739495798319327	0.9629629629629629
0.08754208754208755	0.9629629629629629
0.08768971332209106	0.9629629629629629
0.08783783783783784	0.9629629629629629
0.08798646362098139	0.9629629629629629
0.08813559322033898	0.9629629629629629
0.08828522920203735	0.9629629629629629
0.08843537414965986	0.9629629629629629
0.08858603066439523	0.9629629629629629
0.08873720136518772	0.9629629629629629
0.08888888888888889	0.9629629629629629
0.08904109589041095	0.9629629629629629
0.08919382504288165	0.9629629629629629
0.08934707903780069	0.9629629629629629
0.08950086058519793	0.9629629629629629
0.0896551724137931	0.9629629629629629
0.08981001727115717	0.9629629629629629
0.08996539792387544	0.9629629629629629
0.09012131715771231	0.9629629629629629
0.09027777777777778	0.9629629629629629
0.09043478260869565	0.9629629629629629
0.09059233449477352	0.9629629629629629
0.09075043630017451	0.9629629629629629
0.09090909090909091	0.9629629629629629
0.09106830122591944	0.9629629629629629
0.0912280701754386	0.9629629629629629
0.0913884007029877	0.9629629629629629
0.09154929577464789	0.9629629629629629
0.09171075837742504	0.9629629629629629
0.09187279151943463	0.9629629629629629
0.0920353982300885	0.9629629629629629
0.09219858156028368	0.9629629629629629
0.09236234458259325	0.9629629629629629
0.09252669039145907	0.9629629629629629
0.09269162210338681	0.9629629629629629
0.09285714285714286	0.9629629629629629
0.09302325581395349	0.9629629629629629
0.0931899641577061	0.9629629629629629
0.0933572710951526	0.9629629629629629
0.09352517985611511	0.9629629629629629
0.0936936936936937	0.9629629629629629
0.09386281588447654	0.9629629629629629
0.09403254972875226	0.9629629629629629
0.09420289855072464	0.9629629629629629
0.09437386569872959	0.9629629629629629
0.09454545454545454	0.9629629629629629
0.0947176684881603	0.9629629629629629
0.0948905109489051	0.9629629629629629
0.09506398537477148	0.9629629629629629
0.09523809523809523	0.9629629629629629
0.09541284403669725	0.9629629629629629
0.09558823529411764	0.9629629629629629
0.09576427255985268	0.9629629629629629
0.0959409594095941	0.9629629629629629
0.09611829944547134	0.9629629629629629
0.0962962962962963	0.9629629629629629
0.09647495361781076	0.9629629629629629
0.09665427509293681	0.9629629629629629
0.09683426443202979	0.9629629629629629
0.09701492537313433	0.9629629629629629
0.09719626168224299	0.9629629629629629
0.09737827715355805	0.9629629629629629
0.0975609756097561	0.9629629629629629
0.09774436090225563	0.9629629629629629
0.09792843691148775	0.9629629629629629
0.09811320754716982	0.9629629629629629
0.09829867674858223	0.9629629629629629
0.09848484848484848	0.9629629629629629
0.09867172675521822	0.9629629629629629
0.09885931558935361	0.9629629629629629
0.09904761904761905	0.9629629629629629
0.09923664122137404	0.9629629629629629
0.0994263862332696	0.9629629629629629
0.09961685823754789	0.9629629629629629
0.09980806142034548	0.9629629629629629
0.1	0.9629629629629629
0.1001926782273603	0.9629629629629629
0.10038610038610038	0.9629629629629629
0.10058027079303675	0.9629629629629629
0.10077519379844961	0.9629629629629629
0.10097087378640776	0.9629629629629629
0.10116731517509728	0.9629629629629629
0.10136452241715399	0.9629629629629629
0.1015625	0.9629629629629629
0.10176125244618395	0.9629629629629629
0.10196078431372549	0.9629629629629629
0.10216110019646366	0.9629629629629629
0.10236220472440945	0.9629629629629629
0.10256410256410256	0.9629629629629629
0.10276679841897234	0.9629629629629629
0.10297029702970296	0.9629629629629629
0.10317460317460317	0.9629629629629629
0.10337972166998012	0.9629629629629629
0.10358565737051793	0.9629629629629629
0.10179640718562874	0.9444444444444444
0.102	0.9444444444444444
0.10220440881763528	0.9444444444444444
0.10240963855421686	0.9444444444444444
0.10261569416498995	0.9444444444444444
0.1028225806451613	0.9444444444444444
0.10303030303030303	0.9444444444444444
0.10323886639676114	0.9444444444444444
0.10344827586206896	0.9444444444444444
0.10365853658536585	0.9444444444444444
0.10386965376782077	0.9444444444444444
0.10408163265306122	0.9444444444444444
0.10429447852760736	0.9444444444444444
0.10450819672131148	0.9444444444444444
0.10472279260780287	0.9444444444444444
0.10493827160493827	0.9444444444444444
0.10309278350515463	0.9259259259259259
0.10330578512396695	0.9259259259259259
0.10351966873706005	0.9259259259259259
0.1037344398340249	0.9259259259259259
0.10395010395010396	0.9259259259259259
0.10416666666666667	0.9259259259259259
0.10438413361169102	0.9259259259259259
0.10460251046025104	0.9259259259259259
0.10482180293501048	0.9259259259259259
0.10504201680672269	0.9259259259259259
0.10526315789473684	0.9259259259259259
0.10548523206751055	0.9259259259259259
0.10570824524312897	0.9259259259259259
0.1059322033898305	0.9259259259259259
0.10615711252653928	0.9259259259259259
0.10638297872340426	0.9259259259259259
0.10660980810234541	0.9259259259259259
0.10683760683760683	0.9259259259259259
0.10706638115631692	0.9259259259259259
0.1072961373390558	0.9259259259259259
0.10752688172043011	0.9259259259259259
0.10775862068965517	0.9259259259259259
0.1079913606911447	0.9259259259259259
0.10822510822510822	0.9259259259259259
0.10845986984815618	0.9259259259259259
0.10869565217391304	0.9259259259259259
0.10893246187363835	0.9259259259259259
0.1091703056768559	0.9259259259259259
0.10940919037199125	0.9259259259259259
0.10964912280701754	0.9259259259259259
0.10989010989010989	0.9259259259259259
0.11013215859030837	0.9259259259259259
0.11037527593818984	0.9259259259259259
0.11061946902654868	0.9259259259259259
0.11086474501108648	0.9259259259259259
0.1111111111111111	0.9259259259259259
0.111358574610245	0.9259259259259259
0.11160714285714286	0.9259259259259259
0.11185682326621924	0.9259259259259259
0.11210762331838565	0.9259259259259259
0.11235955056179775	0.9259259259259259
0.11261261261261261	0.9259259259259259
0.11286681715575621	0.9259259259259259
0.11312217194570136	0.9259259259259259
0.11337868480725624	0.9259259259259259
0.11363636363636363	0.9259259259259259
0.11389521640091116	0.9259259259259259
0.1141552511415525	0.9259259259259259
0.11441647597254005	0.9259259259259259
0.11467889908256881	0.9259259259259259
0.11494252873563218	0.9259259259259259
0.1152073732718894	0.9259259259259259
0.11547344110854503	0.9259259259259259
0.11574074074074074	0.9259259259259259
0.11600928074245939	0.9259259259259259
0.11627906976744186	0.9259259259259259
0.11655011655011654	0.9259259259259259
0.11682242990654206	0.9259259259259259
0.117096018735363	0.9259259259259259
0.11737089201877934	0.9259259259259259
0.11764705882352941	0.9259259259259259
0.1179245283018868	0.9259259259259259
0.1182033096926714	0.9259259259259259
0.11848341232227488	0.9259259259259259
0.1187648456057007	0.9259259259259259
0.11904761904761904	0.9259259259259259
0.11933174224343675	0.9259259259259259
0.11961722488038277	0.9259259259259259
0.11990407673860912	0.9259259259259259
0.1201923076923077	0.9259259259259259
0.12048192771084337	0.9259259259259259
0.12077294685990338	0.9259259259259259
0.12106537530266344	0.9259259259259259
0.12135922330097088	0.9259259259259259
0.12165450121654502	0.9259259259259259
0.12195121951219512	0.9259259259259259
0.12224938875305623	0.9259259259259259
0.12254901960784313	0.9259259259259259
0.12285012285012285	0.9259259259259259
0.12315270935960591	0.9259259259259259
0.12345679012345678	0.9259259259259259
0.12376237623762376	0.9259259259259259
0.12406947890818859	0.9259259259259259
0.12437810945273632	0.9259259259259259
0.12468827930174564	0.9259259259259259
0.125	0.9259259259259259
0.12531328320802004	0.9259259259259259
0.12562814070351758	0.9259259259259259
0.12594458438287154	0.9259259259259259
0.12626262626262627	0.9259259259259259
0.12658227848101267	0.9259259259259259
0.12690355329949238	0.9259259259259259
0.1272264631043257	0.9259259259259259
0.12755102040816327	0.9259259259259259
0.1278772378516624	0.9259259259259259
0.1282051282051282	0.9259259259259259
0.12853470437017994	0.9259259259259259
0.12886597938144329	0.9259259259259259
0.12919896640826872	0.9259259259259259
0.12953367875647667	0.9259259259259259
0.12987012987012986	0.9259259259259259
0.13020833333333334	0.9259259259259259
0.13054830287206268	0.9259259259259259
0.13089005235602094	0.9259259259259259
0.13123359580052493	0.9259259259259259
0.13157894736842105	0.9259259259259259
0.13192612137203166	0.9259259259259259
0.13227513227513227	0.9259259259259259
0.13262599469496023	0.9259259259259259
0.13297872340425532	0.9259259259259259
0.13333333333333333	0.9259259259259259
0.13368983957219252	0.9259259259259259
0.13404825737265416	0.9259259259259259
0.13440860215053763	0.9259259259259259
0.1347708894878706	0.9259259259259259
0.13513513513513514	0.9259259259259259
0.13550135501355012	0.9259259259259259
0.1358695652173913	0.9259259259259259
0.1362397820163488	0.9259259259259259
0.1366120218579235	0.9259259259259259
0.136986301369863	0.9259259259259259
0.13736263736263737	0.9259259259259259
0.13774104683195593	0.9259259259259259
0.13812154696132597	0.9259259259259259
0.13850415512465375	0.9259259259259259
0.1388888888888889	0.9259259259259259
0.1392757660167131	0.9259259259259259
0.13966480446927373	0.9259259259259259
0.1400560224089636	0.9259259259259259
0.1404494382022472	0.9259259259259259
0.14084507042253522	0.9259259259259259
0.14124293785310735	0.9259259259259259
0.141643059490085	0.9259259259259259
0.14204545454545456	0.9259259259259259
0.14245014245014245	0.9259259259259259
0.14285714285714285	0.9259259259259259
0.14326647564469913	0.9259259259259259
0.14367816091954022	0.9259259259259259
0.1440922190201729	0.9259259259259259
0.14450867052023122	0.9259259259259259
0.14492753623188406	0.9259259259259259
0.14534883720930233	0.9259259259259259
0.1457725947521866	0.9259259259259259
0.14619883040935672	0.9259259259259259
0.1466275659824047	0.9259259259259259
0.14705882352941177	0.9259259259259259
0.14749262536873156	0.9259259259259259
0.14792899408284024	0.9259259259259259
0.14836795252225518	0.9259259259259259
0.1488095238095238	0.9259259259259259
0.14925373134328357	0.9259259259259259
0.1497005988023952	0.9259259259259259
0.15015015015015015	0.9259259259259259
0.15060240963855423	0.9259259259259259
0.1510574018126888	0.9259259259259259
0.15151515151515152	0.9259259259259259
0.1519756838905775	0.9259259259259259
0.1524390243902439	0.9259259259259259
0.1529051987767584	0.9259259259259259
0.15337423312883436	0.9259259259259259
0.15384615384615385	0.9259259259259259
0.15432098765432098	0.9259259259259259
0.15479876160990713	0.9259259259259259
0.15527950310559005	0.9259259259259259
0.1557632398753894	0.9259259259259259
0.15625	0.9259259259259259
0.15673981191222572	0.9259259259259259
0.15723270440251572	0.9259259259259259
0.15772870662460567	0.9259259259259259
0.15822784810126583	0.9259259259259259
0.15873015873015872	0.9259259259259259
0.1592356687898089	0.9259259259259259
0.1597444089456869	0.9259259259259259
0.16025641025641027	0.9259259259259259
0.1607717041800643	0.9259259259259259
0.16129032258064516	0.9259259259259259
0.16181229773462782	0.9259259259259259
0.16233766233766234	0.9259259259259259
0.16286644951140064	0.9259259259259259
0.16339869281045752	0.9259259259259259
0.16393442622950818	0.9259259259259259
0.16447368421052633	0.9259259259259259
0.16501650165016502	0.9259259259259259
0.16556291390728478	0.9259259259259259
0.16279069767441862	0.9074074074074074
0.16	0.8888888888888888
0.1605351170568562	0.8888888888888888
0.1610738255033557	0.8888888888888888
0.16161616161616163	0.8888888888888888
0.16216216216216217	0.8888888888888888
0.16271186440677965	0.8888888888888888
0.16326530612244897	0.8888888888888888
0.16382252559726962	0.8888888888888888
0.1643835616438356	0.8888888888888888
0.16494845360824742	0.8888888888888888
0.16551724137931034	0.8888888888888888
0.16608996539792387	0.8888888888888888
0.16666666666666666	0.8888888888888888
0.1672473867595819	0.8888888888888888
0.16783216783216784	0.8888888888888888
0.17328519855595667	0.8888888888888888
0.17391304347826086	0.8888888888888888
0.17454545454545456	0.8888888888888888
0.17518248175182483	0.8888888888888888
0.17582417582417584	0.8888888888888888
0.17647058823529413	0.8888888888888888
0.17712177121771217	0.8888888888888888
0.17777777777777778	0.8888888888888888
0.17843866171003717	0.8888888888888888
0.1791044776119403	0.8888888888888888
0.1797752808988764	0.8888888888888888
0.18045112781954886	0.8888888888888888
0.1811320754716981	0.8888888888888888
0.18181818181818182	0.8888888888888888
0.18250950570342206	0.8888888888888888
0.183206106870229	0.8888888888888888
0.1839080459770115	0.8888888888888888
0.18461538461538463	0.8888888888888888
0.18532818532818532	0.8888888888888888
0.18604651162790697	0.8888888888888888
0.1867704280155642	0.8888888888888888
0.1875	0.8888888888888888
0.1843137254901961	0.8703703703703703
0.18110236220472442	0.8518518518518519
0.18181818181818182	0.8518518518518519
0.18253968253968253	0.8518518518518519
0.18326693227091634	0.8518518518518519
0.184	0.8518518518518519
0.18473895582329317	0.8518518518518519
0.18548387096774194	0.8518518518518519
0.1862348178137652	0.8518518518518519
0.18699186991869918	0.8518518518518519
0.18775510204081633	0.8518518518518519
0.1885245901639344	0.8518518518518519
0.18930041152263374	0.8518518518518519
0.19008264462809918	0.8518518518518519
0.1908713692946058	0.8518518518518519
0.19166666666666668	0.8518518518518519
0.19246861924686193	0.8518518518518519
0.19327731092436976	0.8518518518518519
0.1940928270042194	0.8518518518518519
0.1906779661016949	0.8333333333333334
0.19148936170212766	0.8333333333333334
0.19230769230769232	0.8333333333333334
0.19313304721030042	0.8333333333333334
0.1939655172413793	0.8333333333333334
0.19480519480519481	0.8333333333333334
0.1956521739130435	0.8333333333333334
0.1965065502183406	0.8333333333333334
0.19736842105263158	0.8333333333333334
0.19823788546255505	0.8333333333333334
0.19911504424778761	0.8333333333333334
0.19555555555555557	0.8148148148148148
0.19642857142857142	0.8148148148148148
0.20465116279069767	0.8148148148148148
0.205607476635514	0.8148148148148148
0.20657276995305165	0.8148148148148148
0.20754716981132076	0.8148148148148148
0.20853080568720378	0.8148148148148148
0.20952380952380953	0.8148148148148148
0.21052631578947367	0.8148148148148148
0.21153846153846154	0.8148148148148148
0.21256038647342995	0.8148148148148148
0.21359223300970873	0.8148148148148148
0.2146341463414634	0.8148148148148148
0.21568627450980393	0.8148148148148148
0.21674876847290642	0.8148148148148148
0.21782178217821782	0.8148148148148148
0.21890547263681592	0.8148148148148148
0.22	0.8148148148148148
0.22110552763819097	0.8148148148148148
0.2222222222222222	0.8148148148148148
0.2233502538071066	0.8148148148148148
0.22448979591836735	0.8148148148148148
0.22564102564102564	0.8148148148148148
0.2268041237113402	0.8148148148148148
0.22797927461139897	0.8148148148148148
0.22916666666666666	0.8148148148148148
0.23036649214659685	0.8148148148148148
0.23157894736842105	0.8148148148148148
0.2328042328042328	0.8148148148148148
0.23404255319148937	0.8148148148148148
0.23529411764705882	0.8148148148148148
0.23655913978494625	0.8148148148148148
0.23783783783783785	0.8148148148148148
0.2391304347826087	0.8148148148148148
0.24043715846994534	0.8148148148148148
0.24175824175824176	0.8148148148148148
0.2430939226519337	0.8148148148148148
0.24444444444444444	0.8148148148148148
0.24581005586592178	0.8148148148148148
0.24719101123595505	0.8148148148148148
0.24858757062146894	0.8148148148148148
0.25	0.8148148148148148
0.25142857142857145	0.8148148148148148
0.25287356321839083	0.8148148148148148
0.2543352601156069	0.8148148148148148
0.2558139534883721	0.8148148148148148
0.25146198830409355	0.7962962962962963
0.2529411764705882	0.7962962962962963
0.25443786982248523	0.7962962962962963
0.25595238095238093	0.7962962962962963
0.25149700598802394	0.7777777777777778
0.25301204819277107	0.7777777777777778
0.24848484848484848	0.7592592592592593
0.25	0.7592592592592593
0.24539877300613497	0.7407407407407407
0.24691358024691357	0.7407407407407407
0.2484472049689441	0.7407407407407407
0.25	0.7407407407407407
0.25157232704402516	0.7407407407407407
0.2468354430379747	0.7222222222222222
0.2484076433121019	0.7222222222222222
0.25	0.7222222222222222
0.25161290322580643	0.7222222222222222
0.24675324675324675	0.7037037037037037
0.24836601307189543	0.7037037037037037
0.25	0.7037037037037037
0.25165562913907286	0.7037037037037037
0.25333333333333335	0.7037037037037037
0.2550335570469799	0.7037037037037037
0.25675675675675674	0.7037037037037037
0.2585034013605442	0.7037037037037037
0.2602739726027397	0.7037037037037037
0.2620689655172414	0.7037037037037037
0.2638888888888889	0.7037037037037037
0.25874125874125875	0.6851851851851852
0.2605633802816901	0.6851851851851852
0.2624113475177305	0.6851851851851852
0.2642857142857143	0.6851851851851852
0.26618705035971224	0.6851851851851852
0.26811594202898553	0.6851851851851852
0.27007299270072993	0.6851851851851852
0.27205882352941174	0.6851851851851852
0.2740740740740741	0.6851851851851852
0.27611940298507465	0.6851851851851852
0.2706766917293233	0.6666666666666666
0.26515151515151514	0.6481481481481481
0.26717557251908397	0.6481481481481481
0.2692307692307692	0.6481481481481481
0.2713178294573643	0.6481481481481481
0.2734375	0.6481481481481481
0.2755905511811024	0.6481481481481481
0.2777777777777778	0.6481481481481481
0.28	0.6481481481481481
0.28225806451612906	0.6481481481481481
0.2845528455284553	0.6481481481481481
0.2786885245901639	0.6296296296296297
0.2727272727272727	0.6111111111111112
0.275	0.6111111111111112
0.2689075630252101	0.5925925925925926
0.2711864406779661	0.5925925925925926
0.27350427350427353	0.5925925925925926
0.2672413793103448	0.5740740740740741
0.26956521739130435	0.5740740740740741
0.2719298245614035	0.5740740740740741
0.2743362831858407	0.5740740740740741
0.2767857142857143	0.5740740740740741
0.2702702702702703	0.5555555555555556
0.2727272727272727	0.5555555555555556
0.26605504587155965	0.5370370370370371
0.25925925925925924	0.5185185185185185
0.2616822429906542	0.5185185185185185
0.2641509433962264	0.5185185185185185
0.2571428571428571	0.5
0.25961538461538464	0.5
0.2621359223300971	0.5
0.2647058823529412	0.5
0.25742574257425743	0.48148148148148145
0.26	0.48148148148148145
0.26262626262626265	0.48148148148148145
0.2653061224489796	0.48148148148148145
0.26804123711340205	0.48148148148148145
0.2708333333333333	0.48148148148148145
0.2736842105263158	0.48148148148148145
0.2765957446808511	0.48148148148148145
0.27956989247311825	0.48148148148148145
0.2826086956521739	0.48148148148148145
0.2857142857142857	0.48148148148148145
0.28888888888888886	0.48148148148148145
0.29213483146067415	0.48148148148148145
0.29545454545454547	0.48148148148148145
0.2988505747126437	0.48148148148148145
0.3023255813953488	0.48148148148148145
0.3058823529411765	0.48148148148148145
0.2976190476190476	0.46296296296296297
0.30120481927710846	0.46296296296296297
0.3048780487804878	0.46296296296296297
0.2962962962962963	0.4444444444444444
0.3	0.4444444444444444
0.3037974683544304	0.4444444444444444
0.2948717948717949	0.42592592592592593
0.2987012987012987	0.42592592592592593
0.3026315789473684	0.42592592592592593
0.29333333333333333	0.4074074074074074
0.28378378378378377	0.3888888888888889
0.2876712328767123	0.3888888888888889
0.2916666666666667	0.3888888888888889
0.29577464788732394	0.3888888888888889
0.3	0.3888888888888889
0.30434782608695654	0.3888888888888889
0.3088235294117647	0.3888888888888889
0.29850746268656714	0.37037037037037035
0.30303030303030304	0.37037037037037035
0.3076923076923077	0.37037037037037035
0.3125	0.37037037037037035
0.31746031746031744	0.37037037037037035
0.3225806451612903	0.37037037037037035
0.3114754098360656	0.35185185185185186
0.31666666666666665	0.35185185185185186
0.3050847457627119	0.3333333333333333
0.3103448275862069	0.3333333333333333
0.3157894736842105	0.3333333333333333
0.30357142857142855	0.3148148148148148
0.3090909090909091	0.3148148148148148
0.3148148148148148	0.3148148148148148
0.32075471698113206	0.3148148148148148
0.3269230769230769	0.3148148148148148
0.3333333333333333	0.3148148148148148
0.34	0.3148148148148148
0.3469387755102041	0.3148148148148148
0.3333333333333333	0.2962962962962963
0.3404255319148936	0.2962962962962963
0.32608695652173914	0.2777777777777778
0.3333333333333333	0.2777777777777778
0.3409090909090909	0.2777777777777778
0.3488372093023256	0.2777777777777778
0.35714285714285715	0.2777777777777778
0.36585365853658536	0.2777777777777778
0.375	0.2777777777777778
0.38461538461538464	0.2777777777777778
0.39473684210526316	0.2777777777777778
0.40540540540540543	0.2777777777777778
0.3888888888888889	0.25925925925925924
0.4	0.25925925925925924
0.38235294117647056	0.24074074074074073
0.36363636363636365	0.2222222222222222
0.34375	0.2037037037037037
0.3548387096774194	0.2037037037037037
0.3333333333333333	0.18518518518518517
0.3448275862068966	0.18518518518518517
0.35714285714285715	0.18518518518518517
0.37037037037037035	0.18518518518518517
0.38461538461538464	0.18518518518518517
0.4	0.18518518518518517
0.4166666666666667	0.18518518518518517
0.391304347826087	0.16666666666666666
0.4090909090909091	0.16666666666666666
0.42857142857142855	0.16666666666666666
0.4	0.14814814814814814
0.42105263157894735	0.14814814814814814
0.4444444444444444	0.14814814814814814
0.47058823529411764	0.14814814814814814
0.5	0.14814814814814814
0.4666666666666667	0.12962962962962962
0.42857142857142855	0.1111111111111111
0.46153846153846156	0.1111111111111111
0.4166666666666667	0.09259259259259259
0.45454545454545453	0.09259259259259259
0.5	0.09259259259259259
0.4444444444444444	0.07407407407407407
0.375	0.05555555555555555
0.42857142857142855	0.05555555555555555
0.5	0.05555555555555555
0.6	0.05555555555555555
0.5	0.037037037037037035
0.3333333333333333	0.018518518518518517
0.5	0.018518518518518517
1.0	0.018518518518518517
1.0	0.0
