true_y	pred_y	pred_probe
1	1	0.09032400925690054
1	1	0.08620183089109656
1	1	0.09170125466278156
1	1	0.0979900270879871
1	1	0.163597989575328
1	0	0.6428285466273858
1	0	0.758042578342895
1	0	0.6805194510777206
1	1	0.36834129777736846
1	0	0.8407107138396485
1	1	0.33716758988735573
1	0	0.792369120312997
1	1	0.48164270637217943
1	1	0.1995586155457746
1	1	0.22536507536845174
1	1	0.31957667785132315
1	1	0.08410665593643551
1	1	0.07997032439016649
1	1	0.22165382944489054
1	1	0.07980655657172442
1	1	0.08117408451135566
1	0	0.5956237432122156
1	0	0.7430088497996309
1	1	0.39824141804572166
1	1	0.4243565964036695
1	1	0.14301063442613904
1	1	0.15435346293848695
1	1	0.10489188507257818
1	1	0.1558593308158237
1	1	0.09514646684956807
1	1	0.25318932482813106
1	0	0.6844845699602002
1	0	0.7205918629700951
1	0	0.5308235832356798
1	1	0.10831157432315064
1	1	0.11227693500601332
1	1	0.16877764610466706
1	1	0.11360633045729418
1	1	0.0903428197389321
1	1	0.08612287336672975
1	1	0.07659271780360688
1	1	0.07994941575789327
1	1	0.07602142254999411
1	1	0.08012300134973516
1	1	0.07684140525744487
1	1	0.07747431930910742
1	1	0.07866247580369523
1	1	0.08564511948594611
1	1	0.11424268219718281
1	1	0.08653812632678881
1	1	0.11506552919991186
1	1	0.0793487992750821
1	1	0.0882374919403286
1	1	0.23449355233871316
1	1	0.08528839378846009
1	1	0.08624157811048871
1	1	0.07937185830775995
1	1	0.14253202070068482
1	1	0.08834128549998421
1	1	0.0869847243973838
1	1	0.09200780119923868
1	1	0.09244194592455901
1	1	0.07921176218899484
1	1	0.08061882600412573
1	1	0.08529739307874296
1	1	0.07904633501876324
1	1	0.3059523804449368
1	1	0.10349463237416168
1	1	0.1682896018905906
1	1	0.08351210072689308
1	1	0.07865914378572691
1	1	0.07703037965589776
1	1	0.07553714065507344
1	1	0.08219603769225059
1	1	0.16113567252448158
1	1	0.13718376134828547
1	1	0.26304057435082695
1	1	0.13304744585196382
1	1	0.2815671507449785
1	1	0.1299689059812148
1	1	0.08865909001339167
1	1	0.10189845523350172
1	1	0.20832067748030536
1	1	0.09821255170883691
1	1	0.11719949325440648
1	1	0.1739055903779917
1	1	0.15740841894236024
1	1	0.46359063136098255
1	1	0.27073062504530854
1	1	0.14812169334530334
1	1	0.07553507525319614
1	1	0.4157698800690054
1	1	0.08853935138364966
1	1	0.09641329513050534
1	1	0.3847807637090256
1	1	0.1868775973299711
1	1	0.3488800683016473
1	0	0.7588605722903106
1	1	0.1381809715225789
1	1	0.09558080849788098
1	1	0.08379787997984034
1	1	0.08189313299024126
1	1	0.08577372239228709
1	1	0.27880402832554974
1	1	0.1199647027906734
1	1	0.19636212965526822
1	1	0.18543307958038857
1	1	0.11169364410162952
1	1	0.1427025543803062
1	1	0.11751486949295542
1	1	0.09063400808042976
1	1	0.07728809597001784
1	1	0.0809001569610992
1	1	0.14257090589882593
1	0	0.5275708152695455
1	1	0.22682268652806514
1	0	0.7938611874105354
1	1	0.4844149021365671
1	1	0.22559901250472214
1	1	0.2073220729100308
1	1	0.26030476293315896
1	1	0.27478102037118257
1	1	0.21259660636203426
1	1	0.09032822093697057
1	1	0.09175571044396102
1	0	0.5082605815756835
1	1	0.18844008943111257
1	1	0.37383565573513344
1	1	0.3193789278430026
1	0	0.8661957351717956
1	1	0.07802488427738907
1	0	0.6205399829505793
1	1	0.11009043000516261
1	1	0.18361991811635736
1	1	0.29468021171062586
1	1	0.11288617789306266
1	1	0.13659313905230008
1	1	0.17395460390838036
1	1	0.08761977879520522
1	1	0.14218922365475095
1	1	0.12210653843052999
1	1	0.127269828619339
1	1	0.4467732691885309
1	0	0.733795466615359
1	1	0.3484701000387602
1	1	0.24956346438548105
0	0	0.7749555685204614
1	0	0.5105616129481173
1	0	0.5618176525830165
1	0	0.6871315573162425
1	0	0.8125362162710132
1	1	0.16948281920541408
1	1	0.1656341816801361
1	1	0.08201972395320145
1	1	0.07612951902405907
1	1	0.07367462933442281
1	1	0.07735958483831662
1	1	0.07189411132737678
1	1	0.08144272835311117
1	1	0.16903987023937883
1	1	0.08360560399508432
1	1	0.07607496733449237
1	1	0.07645728727487644
1	1	0.07451065071756369
1	1	0.07508655712985801
1	1	0.07493579382770965
1	1	0.07463275109113265
1	1	0.08105891586841563
1	1	0.08517576342685196
1	1	0.08961445548225644
1	1	0.07702627647639715
1	1	0.07373397446967977
1	1	0.07734000154095466
1	1	0.10915465699355331
1	1	0.07725556297081715
1	1	0.07861620816906545
1	1	0.07815122460228896
1	1	0.07576140460243774
1	1	0.07445226529760551
1	1	0.07377072921231154
1	1	0.07312731753364177
1	1	0.07264409890897605
1	1	0.07398119037421225
1	1	0.0730579307356124
1	1	0.0741725556388807
1	1	0.07236660851958687
1	1	0.0718710923249325
1	1	0.07257459254660248
1	1	0.07497060056763383
1	1	0.07458066785120265
1	1	0.0776387834429878
1	1	0.07830624921019202
1	1	0.07499915132787005
1	1	0.07290304044327622
1	1	0.07497628960460934
1	1	0.07331212067886461
1	1	0.07361614523980387
1	1	0.0758843277091864
1	1	0.08408187345947005
1	1	0.07308606603310419
1	1	0.07720065485661187
1	1	0.07490975924379817
1	1	0.07295984019687574
1	1	0.07562691498666874
1	1	0.07587182454073982
1	1	0.0800893580017007
1	1	0.08826549259479832
1	1	0.07744524389580298
1	1	0.0730694551257639
1	1	0.08664486134645244
1	1	0.07768820671318921
1	1	0.08258606534208501
1	1	0.07740347460093444
1	1	0.07443539610179395
1	1	0.07441280202273826
1	1	0.0741634299971825
1	1	0.07376118286384181
1	1	0.07217217030471601
1	1	0.07315886926001625
1	1	0.18946050252806523
1	1	0.1565085789896713
1	1	0.08732429294927457
1	1	0.11925785936938094
1	1	0.07332246950211674
1	1	0.1343919017252292
1	1	0.08224210918180119
0	1	0.4062010605091416
1	1	0.11241511709057972
1	1	0.07506757101461592
1	1	0.0746945448559787
1	1	0.07266577692006371
1	1	0.07372295159064213
1	1	0.0727179584503721
1	1	0.0728235547314443
1	1	0.07233288810512739
1	1	0.07216843727733668
1	1	0.07364682726697214
1	1	0.08213813339592424
1	1	0.07626667303623136
1	1	0.07677977904506517
1	1	0.07844144659761676
1	1	0.0716610266716533
1	1	0.07195199544017439
1	1	0.07212626628011132
1	1	0.07250218511501516
1	1	0.0716899028963972
1	1	0.07209271421619312
1	1	0.07461218298993033
1	1	0.07345086732020834
1	1	0.07445428530577813
1	1	0.07207480809806466
1	1	0.07320711419288761
1	1	0.07222993786992016
1	1	0.07235955793119886
1	1	0.077200455525824
1	1	0.0804561834982499
1	1	0.08583377338221287
1	1	0.07360974618343807
1	1	0.08086328024584932
1	1	0.07357371488173237
1	1	0.08793144228436844
1	1	0.08713834840807178
1	1	0.3630409420501287
1	1	0.07807728791914303
1	1	0.09970972624828156
1	1	0.07753547451437448
1	1	0.07533576365147343
1	1	0.0966380612203186
1	1	0.08147809517107751
1	1	0.07359906261546623
1	1	0.07915959677401552
1	1	0.08301246530499329
1	1	0.0788355521999814
1	1	0.0747572659301764
1	1	0.07661881638285717
1	1	0.07507537691987876
1	1	0.07344441367311128
1	1	0.07325304061279758
1	1	0.07351629983513963
1	1	0.07809309196792047
1	1	0.07241706834876571
1	1	0.07484468623160567
1	1	0.0739082877754087
1	1	0.07499754931937352
1	1	0.07343031243073239
1	1	0.07828242260114926
1	1	0.07720692197223489
1	1	0.07722918657219235
1	1	0.0728917917782399
1	1	0.07380589986489772
1	1	0.07218101404700161
1	1	0.07417281418303068
1	1	0.07405866526002236
1	1	0.07347301756563351
1	1	0.07340933771928237
1	1	0.07273385687423994
1	1	0.07260821344422363
1	1	0.07231276744407067
1	1	0.07344224426803347
1	1	0.07229853775100181
1	1	0.07407200128221836
1	1	0.07445948935536861
1	1	0.07268335330019404
1	1	0.07301918920057993
1	1	0.07255062017422476
1	1	0.07278328876403306
1	1	0.07294850224878568
1	1	0.07293502234556626
1	1	0.07508604970151167
1	1	0.07673312934127796
1	1	0.07330061924161202
1	1	0.07254967749828334
1	1	0.07371479543020076
1	1	0.07577192668268451
1	1	0.07337001706124402
1	1	0.07371357645005883
1	1	0.077379578939062
1	1	0.08462617050148369
1	1	0.07679715489456573
1	1	0.07988157189781087
1	1	0.08533247368794272
1	1	0.0743429598333365
1	1	0.07279424767840958
1	1	0.07914574887218762
1	1	0.08439890724461152
1	1	0.0749393064245929
1	1	0.11308967372687884
1	1	0.10662620141368995
1	1	0.12175557543329651
1	1	0.17422376932175887
1	1	0.20323316271344116
1	1	0.13568289344947082
1	1	0.17584606745735798
1	1	0.25712769252627576
1	1	0.09484000528210279
1	1	0.09878569472400567
1	1	0.11392656682304525
1	1	0.09875690842330243
1	1	0.14627323039160933
1	1	0.2270880773323556
1	1	0.12326101294735481
1	1	0.13465619369429005
1	1	0.1719458256305353
1	1	0.3111386805844035
1	1	0.08282690876392573
1	1	0.26420299667288005
1	1	0.2430778059942592
1	1	0.2760504964196814
1	1	0.07856202388840916
1	1	0.0810487709947173
1	1	0.08105656386182236
1	1	0.07957057477194429
1	1	0.08473753076169077
1	1	0.10711693867855965
1	1	0.07698841289509128
1	1	0.07694250896828358
1	1	0.08226167764020043
1	1	0.15637095750512597
1	1	0.09493937607289771
1	1	0.1073680210147141
1	1	0.09320017515706669
1	1	0.4120984629409705
1	0	0.7544382352757915
1	0	0.5803155831866817
1	1	0.17525604984828913
1	1	0.20021260277303643
1	1	0.3337174622210929
1	1	0.10328864966178597
1	1	0.1720403309259978
1	1	0.09786911720655944
1	1	0.08892939573068337
1	1	0.12960255274749566
1	1	0.09448159032043235
1	1	0.08164782585047958
1	1	0.12532621795648768
1	1	0.08093189664060074
1	1	0.0724695515851369
1	1	0.11134356461572326
1	1	0.0779873425885762
1	1	0.07728190003872859
1	1	0.18963937388458463
1	1	0.13761303114929135
1	1	0.4864106815535736
1	1	0.16290467572184375
1	1	0.31432471256556815
1	1	0.31952926680517113
1	1	0.14140018859076953
1	1	0.1313061913986462
1	1	0.10271734645884834
1	1	0.11249512946816465
1	1	0.20569757274620926
1	0	0.5605367943818873
1	0	0.5440775514329848
1	0	0.6696268498224116
1	1	0.32980297366378175
1	1	0.4933344881167019
1	1	0.08040102911475233
1	1	0.13563811932949854
1	1	0.0854845488644097
1	1	0.07267762382206322
1	1	0.0767815189693899
1	1	0.10514410467000068
1	0	0.636133713098568
1	0	0.5457391423867102
1	1	0.19395432761264275
1	1	0.18974575461784038
1	1	0.2299613172592193
1	1	0.07607890239621484
1	1	0.07363677629653831
1	1	0.07940204385533489
1	1	0.08347832935961175
1	1	0.07304127612505362
1	1	0.07462196649561426
1	1	0.0764425427303842
1	1	0.07478415489648482
1	1	0.1100690734262767
1	1	0.11693373074730729
1	1	0.2742011470985364
1	1	0.31641755049075027
1	1	0.16485029386424388
1	1	0.17896283591197826
1	1	0.14920367287000136
1	1	0.15822100939316186
1	1	0.26591136144947736
1	1	0.3369024917937493
1	1	0.16103682493089255
1	1	0.12166425980157192
1	1	0.08042287115473123
1	1	0.07863675409679449
1	1	0.07349009169306886
1	1	0.08069683483145695
1	1	0.07267329627254193
1	1	0.07661526336236424
1	1	0.07578981957656516
1	1	0.07512318429898635
1	1	0.07656940129011858
1	1	0.07544055515093451
1	1	0.07495246960775637
1	1	0.10881692396101017
1	1	0.07813860630529323
1	1	0.08448665030983349
1	1	0.08525118062233517
1	1	0.07683744420814975
1	1	0.14410985740366777
1	1	0.0856370294897868
1	1	0.09019688391326053
1	1	0.08460628935904979
1	1	0.075908762421935
1	1	0.08272198270226494
1	1	0.07439956894466881
1	1	0.07816430888274117
1	1	0.08461019189658481
1	1	0.08091064331378217
1	1	0.07765432273434947
1	1	0.17473884937936957
1	1	0.10141365169836991
1	1	0.10033786998071093
1	1	0.07811948534042112
1	1	0.10518634458807319
1	1	0.0922886215987202
1	1	0.10678803585998553
1	1	0.11877761975910062
1	1	0.07543022088261986
1	1	0.23258771363519049
1	1	0.0743142021957296
1	1	0.07998579900787717
1	1	0.07716245584515435
1	1	0.07921063795510797
1	1	0.07897745603378714
1	1	0.07782436775875057
1	1	0.07211935968392591
1	1	0.07393016907200456
1	1	0.07521848250747198
1	1	0.07633187768913308
1	1	0.07704466235797469
1	1	0.07816588011992243
1	1	0.07592384772967009
1	1	0.07618584191781586
1	1	0.0788123195662882
1	1	0.08429305601267678
1	1	0.25227035739720294
1	1	0.13967270691781097
1	1	0.07451711631732627
1	1	0.10973576911559946
1	1	0.19112670837767376
1	1	0.08049298983924025
1	1	0.0841339516382007
1	1	0.07260716448987814
1	1	0.07540401303290878
1	1	0.07243183221470995
1	1	0.07399367149034064
1	1	0.07457888783371924
1	1	0.07261300748130084
1	1	0.08500697040154825
1	1	0.0743349849072944
1	1	0.07742078313096024
1	1	0.08560982181004884
1	1	0.07955241915916533
1	1	0.07331975611026864
1	1	0.07388298366284096
1	1	0.07389188508102196
1	1	0.08148248582259765
1	1	0.20143707286193457
1	1	0.2354778613522892
1	1	0.18921573914671963
1	1	0.1921272247318373
1	1	0.26415362578708923
1	1	0.398687226430689
1	1	0.10675002005980305
1	0	0.836762395866367
1	0	0.8965485747964036
1	0	0.5133027972892128
1	1	0.12387262145603817
1	1	0.210217911172344
1	0	0.6369641547747571
0	0	0.7324960449808748
1	0	0.8659753001352728
1	0	0.6698826966200182
1	0	0.9051074216881873
1	0	0.9063021938783622
1	0	0.8644599520161657
1	1	0.29864706095934646
1	1	0.3643846320267674
1	1	0.4817286868737626
1	0	0.7569008784603802
1	1	0.14328637752437723
1	1	0.12264490964267127
1	1	0.24554207534611505
1	1	0.11189895926921489
1	0	0.8945726923423234
1	1	0.25861623281141866
1	1	0.1498434790749673
1	1	0.35409709949683355
1	1	0.1413417057559494
1	1	0.2871360410277627
1	1	0.16479474555476104
1	1	0.4233317244793863
1	1	0.10178589687610562
1	1	0.09402655126898196
1	1	0.09559284502045395
1	1	0.19921652237079157
1	1	0.10450676262265057
1	1	0.2472480105337983
1	1	0.14513864668767773
1	0	0.8474025396775307
1	1	0.09910283562537558
1	1	0.12579191353904406
1	1	0.25763140868946466
1	1	0.10674512145425274
1	1	0.13554917578918513
1	1	0.1463909608313434
1	1	0.11879503596205143
1	1	0.1529608170846387
1	1	0.19583207942470604
1	1	0.398491678854066
1	0	0.6419809082449801
1	0	0.5883890743637213
1	0	0.5326913596795091
1	0	0.7866571012578307
1	0	0.7886629155228759
1	0	0.5009406546897099
1	0	0.824670715127459
1	0	0.6119248976147539
1	1	0.144590034065613
1	0	0.5180412673023655
1	1	0.17813475647214216
1	1	0.262212417362915
1	1	0.21450691751659667
1	1	0.24793689302616895
1	1	0.27337322842577705
1	1	0.22702735644962946
1	0	0.5165739996725784
1	1	0.3278153253040431
0	0	0.5204081699382587
1	0	0.6814721311319052
1	0	0.6282538699503827
1	1	0.18971134506799114
1	1	0.45998065169172153
1	1	0.36504762961708115
1	0	0.587920177181072
1	1	0.2581448058743303
1	1	0.1341122375655277
1	1	0.17651470489108778
1	1	0.2398299498836861
1	1	0.13624466971061033
1	1	0.1272937103608175
1	1	0.13678588134326064
1	1	0.0910980945156159
1	1	0.3525599312213197
1	0	0.6567551890709541
1	1	0.2453804608675243
1	1	0.07956074031769511
1	1	0.0816490029638578
1	0	0.7334566087282242
1	1	0.3253622635848914
1	0	0.51668319656981
1	0	0.5550538390995259
1	1	0.2923642813780738
1	1	0.1146801957158089
1	1	0.09032307803404604
1	1	0.13375162734437918
1	1	0.11213591839773795
1	1	0.08632175403580167
1	1	0.0791954311993226
1	1	0.10110460084848938
1	1	0.43818415414590284
1	1	0.18310089432944698
1	1	0.12758836903661952
1	0	0.6856343417480755
1	1	0.1383199042462071
1	1	0.08658657539471515
1	1	0.10664438041070479
1	1	0.21932476897714337
1	1	0.08731962829813056
1	1	0.07389759287677855
1	1	0.08251860853486337
1	1	0.08836559445282399
1	1	0.09698764226003398
1	1	0.32007978376577273
1	1	0.17728810012204033
1	1	0.1419705624286719
1	1	0.11572537222799917
1	1	0.08179852454274072
1	1	0.12247730191594708
1	1	0.0822570591793017
1	1	0.1633322066195465
1	1	0.2427095683186481
1	1	0.27111719363215914
1	1	0.09991802398232286
1	1	0.09718087731941116
1	1	0.3466099065660264
1	1	0.08304483826298614
1	1	0.12619443705590316
1	1	0.23323723531933216
1	0	0.5319489561666781
1	1	0.13615629086032366
1	1	0.08273942759719999
1	1	0.07828364194683113
1	1	0.0872051126551251
1	1	0.07963114029601981
1	1	0.07586547336995686
1	1	0.07896871852829157
1	1	0.07903296500411183
1	1	0.10341523881969128
1	1	0.07691382725986862
1	1	0.08037000037080233
1	1	0.08239941337567047
1	1	0.2622008222818061
1	1	0.08231798994573003
1	1	0.17961837620092935
1	1	0.11477845961774413
1	1	0.11566298482327664
1	0	0.5663044402236308
1	0	0.5282220237569123
1	1	0.42930105272151564
1	1	0.14349589507440674
1	1	0.11149700662451423
1	1	0.09775618270266684
1	1	0.4443745866293175
1	0	0.5992354301337095
1	1	0.3012492869854956
1	1	0.14320008337495416
1	1	0.07922377981420348
1	1	0.07695201405407837
1	1	0.0793755268642341
1	1	0.11383704642239945
1	1	0.08757509918609097
1	1	0.08608193070084369
1	1	0.07797893148870594
1	1	0.07951911022256308
1	1	0.1589522289254982
1	1	0.18918052124870555
1	1	0.0965538853701493
1	1	0.4629055885524924
1	1	0.09303336818290175
1	1	0.08636111141601388
1	1	0.10007816812938786
1	1	0.16870881734955978
1	1	0.1706910240469437
1	1	0.2576142821726658
1	1	0.12186547600004916
1	1	0.08815437410557514
1	1	0.08208430846179937
1	1	0.08083466294678221
1	1	0.07940985745439011
1	1	0.08926110570249735
1	1	0.07764749341495114
1	1	0.43423778932454127
1	1	0.12351609026963906
1	1	0.14683128219990838
1	1	0.08879897455351904
1	1	0.08888174326448739
1	1	0.09897988773176414
1	1	0.08014423623306666
1	1	0.16701044458291026
1	1	0.08159326004695988
1	1	0.08813520594813828
1	1	0.08195741812042645
1	1	0.07558467588858464
1	1	0.4666970155063028
1	0	0.8675116214381848
1	0	0.8953049909230031
1	1	0.08185824054150326
1	1	0.11158491136611803
1	1	0.1879753681156433
1	1	0.12246921136386202
1	1	0.12388197033191506
1	1	0.13281044053289903
1	1	0.22647489858272396
1	1	0.14984813860152169
1	1	0.09077209545456622
1	1	0.09307024326289204
1	1	0.081195512050654
1	1	0.07536323812746337
1	1	0.07725868313644757
1	1	0.0801515856482038
1	1	0.08457479348155128
1	1	0.07439390893499975
1	1	0.07680303437080305
1	1	0.10773893005988178
1	1	0.12088921568779609
1	1	0.11202692558033656
1	1	0.18711580078043388
1	0	0.5882208544790539
1	1	0.15726923354550992
1	1	0.07972988787176705
1	1	0.08172883177603829
1	1	0.14259825456257735
1	1	0.07824358610881865
1	1	0.07636703578669113
1	1	0.0887594471156411
1	1	0.07954302388345968
1	1	0.1273461400532817
1	1	0.08658353590753554
1	1	0.12267164174918499
1	1	0.08189317869617452
1	1	0.1063563606065735
1	1	0.13810157895523534
1	1	0.08615623095281788
1	1	0.15806869410979563
1	1	0.3996255733169566
1	1	0.09701801634890672
1	1	0.0860182439697651
1	1	0.3853320986114178
1	0	0.87834799362954
1	1	0.2707107512245088
1	0	0.6424490929030946
0	0	0.6623228382067688
1	1	0.34200912847482123
1	1	0.18072286870391352
1	1	0.09604439323979963
1	1	0.16746256357248435
1	1	0.09641290876991915
1	1	0.07682945098253169
1	1	0.08360940663082972
1	1	0.08383359808992707
1	1	0.08876285652766003
1	0	0.5550286550703425
1	1	0.13511552176448116
1	1	0.16898266215337443
1	1	0.08582758253099021
1	1	0.08347534627986741
1	1	0.42316755791790095
1	1	0.1870657804807213
1	1	0.2948075003244709
1	1	0.3819828735875148
1	1	0.18191811901639965
1	0	0.6571057721638283
1	0	0.8234676179828192
1	1	0.36251513250590073
1	1	0.20805904803535824
1	1	0.08190855993318169
1	1	0.15746196230589427
1	1	0.36730395194879784
1	0	0.6640973990035735
1	0	0.5299780959940715
1	1	0.368991559393277
1	1	0.27736557251534344
1	0	0.7078264959476264
1	1	0.2028552314832628
1	0	0.5444641219917253
1	0	0.7566560442236476
1	0	0.8935174275774502
1	0	0.8990547203808967
1	0	0.7500281840839225
1	0	0.7688252057872621
1	0	0.529255808326518
1	1	0.45324312823379287
1	1	0.4405840516450724
1	1	0.11736602279513408
1	1	0.1563940039236098
1	1	0.0985171139832205
1	1	0.11957042812490293
1	1	0.1131838197574625
1	1	0.2066846378227548
1	1	0.15629962291604937
1	0	0.8867968112063815
1	1	0.3832068685313518
1	1	0.3145106361145158
1	1	0.428327178789324
1	0	0.684845945719736
1	0	0.6220038672800394
0	0	0.8760922626976125
1	0	0.8162298850324987
1	1	0.4087701754881685
1	1	0.12019644084443604
1	1	0.16757109835693917
1	1	0.09694076449735012
1	1	0.08791138644327978
1	1	0.09271048083818834
1	1	0.09581547524314404
1	1	0.08329102466032523
1	1	0.22901061243156817
1	1	0.07661365340691806
1	1	0.08776164361653649
1	1	0.07971554310141304
1	1	0.0951739886512295
1	1	0.127135079968271
1	1	0.14055710342967864
1	1	0.07945617663465487
1	1	0.1584523284300079
1	1	0.07937208036407217
1	1	0.07496884415527216
1	1	0.0933291345909637
1	1	0.07843548374051046
1	1	0.07551672516302077
1	1	0.07772521404755617
1	1	0.0765004032383575
1	1	0.09144762510027016
1	1	0.12374005881761829
1	1	0.17916721509879885
1	1	0.12944016614461007
1	1	0.09232730362714703
1	1	0.08043299863752085
1	1	0.08225927731147409
1	1	0.22054540548434798
1	1	0.2999864171990523
1	1	0.0912973904154849
1	1	0.08054443381067034
1	1	0.07727200194413042
1	1	0.08490618038142483
1	1	0.07565361679145444
1	1	0.07801876344216918
1	1	0.07931107369718038
1	1	0.07851882956335132
1	1	0.07912278285147811
1	1	0.0766522656601526
1	1	0.07658351937680397
1	1	0.08104525228210069
1	1	0.10321292076641464
1	1	0.25348446020122994
1	1	0.28426345952429266
1	1	0.4721408061051051
1	1	0.2320456975640408
1	1	0.25436371878246455
1	1	0.14042005360832477
1	1	0.12049654762247963
1	0	0.5881336286812335
1	1	0.09928727439469764
1	1	0.07521130176398849
1	1	0.07568155568796042
1	1	0.07720223501081824
1	1	0.07479828457856541
1	1	0.0754206248459014
1	1	0.08076222089258434
1	1	0.18962311773397145
1	1	0.09508738403235295
1	1	0.12494761399094445
1	1	0.08050738715279437
1	1	0.08705486642062854
1	1	0.10781890643957437
1	0	0.5229628903112631
1	1	0.12066325555205348
1	1	0.42810482575943687
1	1	0.1082478725449405
1	1	0.13905691092249894
1	1	0.1205671073336545
1	1	0.0817603782887889
1	1	0.08583582917209986
1	1	0.11747777554318395
1	1	0.21244637452133663
1	1	0.07742244005766175
1	1	0.09045030676342147
1	1	0.07683713664905867
1	0	0.5901261007362046
1	0	0.7325887186186215
1	1	0.16081016062568154
1	1	0.07749226861628566
1	1	0.07801523594705817
1	1	0.0818941827622276
1	1	0.07921872111096162
1	1	0.07438102618158238
1	1	0.0782312052031785
1	1	0.32851518617178455
1	1	0.3084982234313356
1	1	0.19982020781089183
1	0	0.7684133804485669
1	0	0.8817555675316062
1	0	0.9068346329298713
0	0	0.9021792199066535
1	0	0.8512715081816153
1	0	0.9076288355620129
1	0	0.8702308643914716
1	1	0.42802622136450874
1	1	0.11207514512297234
1	0	0.5547657514503478
1	0	0.5258027533597074
1	1	0.2766854397390741
1	1	0.14683255852390342
1	1	0.08046027757554819
1	1	0.09134328175442474
1	1	0.08615998431991989
1	1	0.12089982189593085
1	1	0.13171893732074247
1	1	0.0854687206833149
1	1	0.4217326847195225
1	0	0.8784021440265565
1	0	0.6517746700297631
1	0	0.6560831856264182
1	1	0.1711947711811448
1	1	0.09629050259298444
1	1	0.09071142008186006
1	1	0.08400480170774804
1	1	0.07970849867687602
1	1	0.4838148401803035
1	1	0.1331193105679771
1	1	0.12029054347276691
1	1	0.09811304103192797
1	1	0.18266202644873863
1	1	0.3540239313109885
1	1	0.2961250769161955
1	0	0.7346005371516608
1	1	0.32490239740095206
1	1	0.08138727122073475
1	1	0.14040465802819235
1	0	0.8238709113679483
1	0	0.7586951786970008
1	1	0.14437442239169163
1	1	0.08576037725998409
1	1	0.10296472601106343
1	1	0.09661164718132076
1	1	0.10552279985719015
1	1	0.08842619798585993
1	1	0.07879959663964176
1	1	0.07910865974480963
1	1	0.08832872176933171
1	1	0.07800358180512645
1	1	0.07715541306556373
1	1	0.07882485428136665
1	1	0.0839570938708335
1	1	0.0759166717514731
1	1	0.07517299823703438
1	1	0.08117739385442213
1	1	0.07611843812806951
1	1	0.10148275805386531
1	1	0.14641560311599155
1	1	0.38180690769263914
1	0	0.8230307571408648
1	0	0.7791254272865991
1	0	0.8589826832124522
1	0	0.8011523036172736
1	0	0.7834253775462556
1	0	0.8678890579903646
1	0	0.8705977614687112
1	0	0.6410377101696061
0	0	0.6504402568086681
1	0	0.540833406919131
1	1	0.2906448470066465
1	1	0.297493562106353
1	0	0.6633855306027966
1	0	0.5251784196296654
1	1	0.34684810758751594
1	0	0.6735368430991835
1	1	0.27925686774338165
1	0	0.7394798894162833
1	0	0.5850476170804353
1	1	0.12302769514416745
1	1	0.09528563378221755
1	1	0.11056075519209418
1	1	0.15823762900970084
0	1	0.09311701206900302
1	1	0.2433700795233037
1	1	0.31213211790267126
1	1	0.476562885746025
1	1	0.33653247529351304
1	0	0.546453625753053
1	0	0.7985703326317906
1	1	0.4768897905728131
1	0	0.5666681025052693
1	0	0.5758040442861295
1	0	0.5996999559996422
1	1	0.20869775827081305
1	1	0.3418913213340663
1	1	0.11679221498424686
1	1	0.14460231821381064
1	1	0.084744114015184
1	1	0.14808178318671184
1	1	0.11366553390176282
1	1	0.1090786120832472
1	1	0.18796870023688916
1	1	0.31393714087535296
1	1	0.3473714701056252
1	1	0.29900873703481357
1	1	0.18430527877779168
1	0	0.6857979902566347
1	0	0.6218404518370935
1	0	0.5530167302773378
1	1	0.4540450036096265
1	1	0.447699204092572
1	1	0.21246596459521705
1	0	0.7040526553082063
1	1	0.16644481780994125
1	1	0.3138560338426871
1	1	0.1629761353082445
1	1	0.10325019955941317
1	1	0.1318159596735572
1	1	0.16808698478035633
1	1	0.3891950310848682
1	1	0.10698757052255581
1	1	0.12886390814388637
1	1	0.08683515826113863
1	1	0.11108730244198062
1	1	0.14229288161141518
1	1	0.15113724938269624
1	1	0.10544937519926134
1	1	0.10065286968095455
1	1	0.1347038374295647
1	1	0.21128439615517747
1	1	0.2745216923374889
1	0	0.5735552944968071
1	1	0.17179539271821087
1	1	0.26249127093047286
1	0	0.8368577906620875
1	0	0.8632886699528663
1	1	0.4575318268466875
1	0	0.8177141720527223
1	0	0.6552033464397644
1	1	0.4165966124218471
1	1	0.3742497610252986
1	1	0.30359396724204246
1	0	0.5097736140364381
1	1	0.4462233245402667
1	1	0.38328395058629594
1	1	0.16387212591382483
1	0	0.8631289541127765
0	0	0.9120974891043608
0	0	0.8453901715449388
0	0	0.9007365163937415
1	0	0.8913858007831764
1	0	0.5184097136162644
1	0	0.8643446695260343
1	0	0.8915861043734209
1	1	0.46225234853606123
1	1	0.35537746825502814
1	0	0.5815020797794814
1	0	0.9117229097387819
1	0	0.8862469631126497
1	1	0.23359696293864585
1	1	0.19065770133472282
1	1	0.22379887842125945
1	1	0.4521229603002418
1	0	0.5774580002541017
1	1	0.49778162628868616
1	1	0.34985228181343186
1	1	0.16549779013536947
1	1	0.29615417020489276
1	1	0.20882779945076946
1	1	0.12717911011684713
1	1	0.38019622656685925
1	1	0.28332161266621736
1	1	0.15561041240621598
1	1	0.14211800218523063
1	1	0.45154065100401064
1	1	0.21792967881598557
1	1	0.17545275375958358
1	1	0.1539706446365774
1	1	0.1286390029387543
1	1	0.23171549299295757
1	0	0.8508296045767001
1	1	0.3792754227970815
1	1	0.23929491283231918
1	1	0.17257657876770083
1	0	0.8942948782445774
0	0	0.9086071256411081
0	0	0.8923291874457829
1	0	0.895043091630649
1	0	0.5686284804909318
1	0	0.8779124715626977
1	0	0.8688405836167385
1	0	0.6822236604822876
1	0	0.8352795498231117
1	0	0.858993121866494
1	0	0.7934247711583692
1	0	0.9121012721983492
1	0	0.8963437986155864
0	0	0.908689538097696
1	0	0.8857894834240109
1	0	0.8474909611473009
1	0	0.8689479452193449
1	0	0.8707885046307375
1	0	0.6774182659800008
1	0	0.884938120056891
1	0	0.7740212493211989
1	0	0.6054973789380401
1	0	0.5773672344926138
1	1	0.167381250205341
1	1	0.21359641914913996
1	0	0.8637852751530033
1	1	0.14274005937998824
1	1	0.28503687753970885
1	1	0.3656133871887306
1	1	0.13848036398567654
1	1	0.20176977619038594
1	1	0.10765263907014933
1	1	0.21724755859022304
1	1	0.10568856607277344
1	1	0.37870613597018976
1	1	0.21477389885370002
1	0	0.8196053591594603
1	0	0.805551874008771
1	1	0.10181515270155439
1	1	0.09088407579645652
1	1	0.1326625314971822
1	1	0.1666451082936259
1	0	0.5648561028743144
1	0	0.7831221802966165
1	1	0.22914975397534
1	0	0.8883534162965578
1	0	0.725714206685473
1	0	0.6696547526986285
1	0	0.5728516980585516
0	0	0.9019695415387591
1	0	0.5939577777443423
1	1	0.23863075401585576
1	1	0.2383727776840362
1	1	0.4761262943884089
1	0	0.5041317306923494
1	0	0.8701119200415863
1	0	0.846643140489748
1	1	0.17711654451649805
1	1	0.3559752420473278
1	1	0.18186807792506232
1	1	0.29448128228207093
1	0	0.872610971072627
1	0	0.7075404158842189
1	0	0.6245009367173799
1	1	0.10370092148159893
1	0	0.5100932127029145
1	1	0.32630257829333753
1	1	0.22421281326314346
1	0	0.5064415747116766
1	0	0.8922342121034869
1	0	0.7752666578784068
1	1	0.3904722683622016
1	0	0.5742916035463003
1	1	0.2786382866319266
1	1	0.3854229288139944
1	1	0.17522099032944916
1	1	0.18257031335598917
1	1	0.12796401925066014
1	0	0.6145544730648289
1	0	0.9002781701839179
1	0	0.9055757219562313
1	0	0.8861888929416145
1	0	0.5356482779487086
1	0	0.5913622527014937
1	1	0.43458673532823766
1	1	0.16338878201242357
1	1	0.10110248545772837
1	1	0.14841806340889596
1	1	0.08829322178793364
1	1	0.0863677814113607
1	1	0.09496945740065832
1	1	0.08047279129609342
1	1	0.13649124991990425
1	1	0.08316479946341016
1	1	0.16283293805902566
1	1	0.1297440714893009
1	0	0.5363430967679186
1	1	0.14369919785294794
1	1	0.33108514679101264
1	0	0.8287977851835835
1	0	0.8141825323185431
0	0	0.8550661433414563
1	0	0.869270676964951
1	0	0.8227376804853824
1	0	0.8728562056630035
1	0	0.8701883371657944
1	0	0.6577445589579703
1	0	0.8878954912890926
1	0	0.888407896227684
1	0	0.7081540264615133
1	0	0.5139504463139875
1	1	0.46623792248422835
1	0	0.7852001169656174
1	0	0.6745067245472997
1	0	0.720142534542745
1	1	0.28836027893994376
1	1	0.18218455176806325
1	1	0.33883470337619304
1	1	0.12476200175290253
1	1	0.09562172583204231
1	1	0.1472189468301931
1	0	0.5196105744730035
1	0	0.7541715092623386
1	1	0.43453986406209755
1	1	0.27193114338439406
1	0	0.6709113795747901
1	1	0.17615687060045637
1	1	0.24063690648988334
1	1	0.21227268249517472
1	1	0.25417223329422167
1	0	0.5665489023062972
1	1	0.1493048228860201
1	1	0.1990214948619673
1	1	0.32120641321927157
1	1	0.10459395298011764
1	1	0.3070325229240074
1	1	0.19734177233127725
1	1	0.16832636619915053
1	1	0.1770557796489014
1	1	0.17162735861119927
1	1	0.08693256691490703
1	1	0.1068541541142024
1	1	0.10114453555338798
1	1	0.3107713104864739
1	1	0.17784174982358592
0	0	0.873253239595004
1	1	0.255800228926074
1	1	0.09187563229073636
1	1	0.07895776803212884
1	1	0.0753918226793483
1	1	0.10340028073201413
1	0	0.5233774208049603
1	1	0.22491602266046784
1	1	0.11227246877935604
1	1	0.07651376569365509
1	1	0.08079885428551348
1	1	0.07743381830796103
1	0	0.7581470774492005
1	0	0.548597028483209
1	1	0.10881936692290128
1	1	0.35291490252777225
1	1	0.44922325874614655
1	1	0.3666520389081318
1	1	0.3860942876739437
1	1	0.08207288258076428
1	1	0.10015458839887881
1	1	0.3388980905931098
1	1	0.462306597460878
1	1	0.3205415155259579
1	1	0.3262627483202848
1	1	0.14553929897511286
1	1	0.0857863247209264
1	0	0.5811079032329558
1	1	0.23165406770412167
1	1	0.28740948483232154
1	1	0.12449881286929154
1	1	0.0929663991816535
1	1	0.2562297650118819
1	1	0.1109800418421173
1	1	0.09806994461510454
1	1	0.08561025642959086
1	1	0.10686379115581646
1	1	0.09426886088770692
1	1	0.11283826442025802
1	1	0.08303627927031654
1	1	0.09008413513596181
1	1	0.08997779309296339
1	0	0.5472856913096058
1	1	0.10438529326934465
1	0	0.7968919897914967
1	1	0.11246567847830025
1	1	0.10613045382784936
1	1	0.11957897194758538
1	1	0.09286701835553868
1	1	0.3642785446538882
1	1	0.07640365454928688
1	1	0.08558876056317455
1	0	0.5485418805472854
1	1	0.2854298264932589
1	1	0.4298649938008363
1	1	0.08129811164510337
1	1	0.10562996723757223
1	1	0.11640473410474417
1	1	0.32406037086559136
1	0	0.611372206591264
1	1	0.24249937611827177
1	1	0.2960962926205605
1	0	0.5436978359946021
1	0	0.6155124631624647
1	0	0.5673236749881954
1	1	0.471900856851014
1	0	0.6606874481607873
1	1	0.21651778093229512
1	1	0.37485583545340884
1	1	0.38393984055178976
1	0	0.6457596386529556
1	1	0.3997319895745337
1	1	0.07510129236954943
1	1	0.07488503771708543
1	1	0.0798322403995092
1	1	0.07459167754227125
1	1	0.1776733307159135
1	1	0.08303190708272945
1	1	0.1372387910379902
1	1	0.17933330912755185
1	0	0.8207179341633405
1	1	0.1279375579662465
1	1	0.08171594310822916
1	1	0.15798349847770943
1	1	0.12806204924407538
1	1	0.07856972344140245
1	1	0.07616081177708378
1	1	0.08484632725099506
1	0	0.6927494649398737
1	1	0.3519553390761563
1	1	0.07938034655395043
1	1	0.12958652259691505
1	1	0.16714208253244867
1	1	0.18353814976206273
1	1	0.07497543284752217
1	1	0.34977779550214516
1	1	0.23408787406076448
1	1	0.12932951849325847
1	1	0.07584398582167096
1	1	0.07557283909665513
1	1	0.07352026151629054
1	1	0.07683897378498761
1	1	0.07462855873829866
1	1	0.07793428701618044
1	1	0.12873584026578977
1	1	0.31647992235112243
1	1	0.3067930602537825
1	1	0.08044598549348181
1	1	0.09954358515788264
1	1	0.0898997947125848
1	1	0.18179335115384077
1	1	0.43020890381375265
1	0	0.5006904574029817
1	1	0.3076311846851163
1	1	0.13215181770480278
1	1	0.10389324238260589
1	1	0.08497609225959757
1	1	0.44539511242141216
1	0	0.6883630223015476
1	1	0.15470588635525018
1	1	0.1064843896625498
1	0	0.5628282140352607
1	1	0.24676567259841298
1	1	0.41665763795305677
1	1	0.21471023063683214
1	1	0.18086007735233356
1	1	0.07986808798195089
1	1	0.2798227630749275
1	0	0.8959283945476572
1	0	0.8168385619550966
1	0	0.8305274287714105
1	1	0.10002361602413345
1	1	0.4619674887407127
1	0	0.7926761605409439
1	1	0.49243643392297376
1	0	0.5922783685301842
1	1	0.44281359556017663
1	0	0.6950160442406951
1	0	0.7597736095180109
1	0	0.8172552501781878
1	0	0.8249298987537439
1	0	0.7533580601786523
1	0	0.6096229420896083
1	0	0.7712808051339554
1	0	0.560233649182003
1	0	0.7068388019174756
1	1	0.4889663750882217
1	0	0.8641763180605248
1	0	0.7767225969732698
1	1	0.466142741578897
1	1	0.28462698012884413
1	1	0.1839964647364225
1	1	0.33381176861987316
0	1	0.42458789320499013
1	1	0.37173161190830006
1	1	0.16445562113475287
1	1	0.1516308394808885
1	0	0.533047849732972
1	0	0.778064934736221
1	0	0.7689637857259155
1	1	0.24254900164326143
1	1	0.1344752665437886
1	1	0.15334227067013528
1	1	0.10771895877042992
1	1	0.09380066796826869
1	1	0.10598585205027378
1	1	0.18666739956037504
1	1	0.08539413926824058
1	1	0.08280463377307468
1	0	0.8433389888199085
1	0	0.8270270372182675
1	1	0.39228468261281224
1	1	0.3338343955578582
1	1	0.32329299907093256
1	1	0.2912457199838496
1	1	0.48916734025322994
1	1	0.3884696346751464
1	1	0.2563530428404338
1	0	0.8902277404457701
1	1	0.4857932018708585
1	1	0.4678711320076979
1	0	0.8716179517029927
1	0	0.8847333058699961
1	0	0.8351698076243835
1	0	0.6632247470705308
1	0	0.6005507295925399
1	1	0.37117430437175536
1	1	0.48713954655448877
1	0	0.8781092964343611
1	0	0.7190421794324848
1	0	0.8006300395468802
1	0	0.7106305479220154
1	1	0.17319482323897617
1	0	0.8719707246612407
1	1	0.18965641996572813
1	1	0.08512470904242664
1	1	0.11932343694695813
1	1	0.3012077721410008
1	1	0.08324034220796761
1	1	0.07661509500582853
1	1	0.31345317790793126
1	1	0.28310419702260337
1	1	0.09739221476095306
1	1	0.12259415440474197
1	1	0.19056682550441928
1	1	0.10321040668725312
1	0	0.591277578125633
1	0	0.7357957448792372
1	0	0.8434793567745651
1	1	0.13579826769103798
1	1	0.14863951343913717
1	1	0.24233474165628133
1	1	0.11675451073827092
1	1	0.08045389930416047
1	1	0.08144613269296586
1	1	0.08732605737647348
1	1	0.19770680798618878
1	1	0.10162579001534933
1	1	0.18782920258853775
1	1	0.10777228419730456
1	1	0.08465334280509429
1	1	0.48051794822038996
1	1	0.10749826725508405
1	1	0.10762823615768191
1	1	0.09303473996329681
1	1	0.34888920623644415
1	0	0.5237263013089499
1	1	0.1384371753240754
1	1	0.13243650358744852
1	0	0.7451306425688846
1	1	0.19604768916348714
1	1	0.15067300769269754
1	1	0.11517669259915864
1	1	0.09205451936061615
1	1	0.110712140367345
1	0	0.6203272472970632
1	1	0.4996808858986691
1	1	0.10089449011940776
1	1	0.2219620040588134
1	0	0.8650717586185789
1	1	0.21076381285036605
1	1	0.24889811568951647
1	1	0.3910703276142269
1	1	0.3597561911346868
1	1	0.10873787163978688
1	1	0.148748778822701
1	1	0.10949477949222597
1	1	0.085391449689456
1	1	0.22645716541140815
1	1	0.200799000484417
1	1	0.21197159532254695
1	1	0.0839119981657861
1	0	0.6105162045397036
1	1	0.25440024545219053
1	1	0.09912561294818611
1	1	0.2604497651092612
1	1	0.13571619518294142
1	1	0.11204612244024215
1	1	0.10313912361571409
1	1	0.0985905569426887
1	1	0.07521783287943551
1	1	0.08785769610331551
0	1	0.18762293111245965
1	1	0.10481895516886708
1	1	0.10790912958608556
1	1	0.46253042171383196
1	1	0.35501160092764705
1	1	0.10181560225295494
1	1	0.1238257738859605
1	1	0.14089035917013748
1	1	0.4691149396621578
1	1	0.4285950186978643
1	0	0.5193674622132679
1	0	0.5850413629539464
1	0	0.7032753593407206
1	0	0.8781377101864477
1	0	0.8703980634383917
1	1	0.4119383886272222
1	0	0.8268140771457756
1	0	0.5816263801119447
1	0	0.5402833400063219
1	1	0.37134475276683354
1	0	0.8671685207139985
1	0	0.6336801803294794
1	0	0.5899709471054034
1	1	0.4927745816622783
1	0	0.5772484601330714
1	1	0.36600099267843444
1	1	0.3439111977721132
1	1	0.19301199049573137
1	1	0.28369874401099193
1	1	0.47010846239088466
1	1	0.22186579256525907
1	1	0.16903202126900296
1	1	0.24047952841608333
1	1	0.20694324567907563
1	1	0.23149359460024388
1	0	0.6309760493833974
1	1	0.3213776757648802
1	1	0.4219314565857524
1	0	0.603352011769602
1	0	0.850573478768029
1	0	0.5567471943893443
1	0	0.6866741181659212
1	1	0.392574006545784
1	1	0.4188109221273102
1	1	0.27681768658867656
1	1	0.20299243908636555
1	1	0.3422600377265391
1	1	0.270693898438518
1	1	0.272995468761576
1	1	0.3199967337395443
1	0	0.5064976634315866
1	1	0.20418847847356758
1	1	0.3974330041796821
1	1	0.13493976882192327
1	1	0.49588625348862403
1	0	0.898128699856509
1	0	0.9074856590187216
1	0	0.9069548057538316
1	0	0.8847326219916393
1	0	0.692208466858363
0	0	0.8237591172648879
1	0	0.7768498397996331
1	0	0.7106588487144987
1	0	0.8281875829912672
1	0	0.7659707096680463
1	1	0.07398137690672102
1	1	0.08068015490404101
1	1	0.07797617097300691
1	1	0.08571428867726394
1	1	0.08223157427141059
1	1	0.07206390076650981
1	1	0.07571222854798387
1	1	0.07170193319108942
1	1	0.07149774705613432
1	1	0.07356756584901403
1	1	0.09127137091272453
1	1	0.07214981827331857
1	1	0.07517783498602337
0	1	0.29467353407933394
1	1	0.0864783103210438
1	1	0.1760324961768397
1	1	0.25285290781309466
1	0	0.5234712808244701
1	1	0.07260789894326303
1	1	0.07364673213320716
1	1	0.13652875445423363
1	1	0.09110876610710239
1	1	0.11031385139348238
1	1	0.08710282508072897
1	1	0.0777710963473549
1	1	0.07194384334940374
1	1	0.07779862743739518
1	1	0.0717973206894773
1	1	0.09550822117408286
1	1	0.07721840184316964
1	1	0.07359415216687415
1	1	0.17844958711577485
1	1	0.10550768382766718
1	1	0.07344551217645545
1	1	0.07767408673821774
1	1	0.0824582578490275
1	1	0.07434054692154857
1	0	0.5245595105807743
1	1	0.2753134523339549
1	1	0.11341661635789457
1	1	0.1050459741455314
1	1	0.08215393181451525
1	1	0.0735677497031606
1	1	0.0714896894311664
1	1	0.08463614707720879
1	1	0.10203690191376436
1	1	0.07328641024321436
1	1	0.08124566065640293
1	1	0.08026067265921244
1	1	0.44185551610996154
1	1	0.4127119519029635
1	1	0.20502539238859352
1	1	0.3396208219073882
1	1	0.15675597257110707
1	1	0.09542613397100685
1	1	0.33165221106319553
1	1	0.3153347971484828
1	1	0.3929580229365045
1	1	0.22039802671118958
1	1	0.14872549510357125
1	1	0.16989768538098138
1	1	0.08756235747051311
1	1	0.08959462635621751
1	1	0.07155481060315805
1	1	0.07153356098935282
1	1	0.07603722249880585
1	1	0.07153805771605126
1	1	0.08216326827287612
1	1	0.07900877979286713
1	1	0.07266454792313093
1	1	0.42921516950037697
1	0	0.6117943215238237
1	1	0.13034466815494072
1	1	0.0872094058149463
1	1	0.07175875014282063
1	1	0.07352109939667195
1	1	0.07617167201280994
1	1	0.07263143935207539
1	1	0.07184242997760704
1	1	0.07316290760014199
1	1	0.0729319205817236
1	1	0.07821364518440554
1	1	0.07193078597950886
1	1	0.07271687657774595
1	1	0.07167841717433165
1	1	0.07151019688526283
1	1	0.07147228321905863
1	1	0.07135336396526071
1	1	0.07136048959644625
1	1	0.07164129156015941
1	1	0.07142508880975884
1	1	0.08303239851600075
1	1	0.07149537737373679
1	1	0.07149526950015717
1	1	0.07139570030562448
1	1	0.07144057473082066
1	1	0.07140122338385213
1	1	0.07132617216362902
1	1	0.07165381412308824
1	1	0.07149104172789267
1	1	0.0715149426276076
1	1	0.07802008767050705
1	1	0.07398928662788762
1	1	0.08031355137260043
1	1	0.3641473911890063
1	1	0.07257250060883258
1	1	0.07332612631888702
1	1	0.07257191155127951
1	1	0.07158408976512287
1	1	0.07138779042692367
1	1	0.07321001651230208
1	1	0.08791297925313035
1	1	0.07131188784645415
1	1	0.07180982816284642
1	1	0.07149441385013977
1	1	0.07254271218707364
1	1	0.0713991976474403
1	1	0.07158351773175786
1	1	0.07117837414949768
1	1	0.07119351963374909
1	1	0.07231089553412573
1	1	0.07249325236170656
1	1	0.08336161373392426
1	1	0.07585640753869705
1	1	0.07166727602843137
1	1	0.09941628585884976
1	1	0.07212938424378257
1	1	0.10510443273824421
1	1	0.07142751215837573
1	1	0.20526873274675628
1	1	0.07577093614216213
1	1	0.08177309955938117
1	1	0.08636638411396369
1	1	0.0720365167448952
1	1	0.07230542488754155
1	1	0.07212201716038513
1	1	0.08007738986855972
1	1	0.07563070371049418
1	1	0.07158974536861529
1	1	0.07150663290711068
1	1	0.07129891832680912
1	1	0.07151432704164118
1	1	0.07132794643912854
1	1	0.07127730494330475
1	1	0.07224221383741847
1	1	0.07131772501578493
1	1	0.07593240816644997
1	1	0.07162616653779064
1	1	0.07248812998759013
1	1	0.07154702296535576
1	1	0.14505111224977685
1	1	0.07236995244387145
1	1	0.07316504058411233
1	1	0.08724260946588358
1	1	0.07179974187195204
1	1	0.09162889118671746
1	1	0.10367554913842769
1	1	0.0876532208040901
1	1	0.0730009899978965
1	1	0.07559408557873659
1	1	0.08592162431413686
1	1	0.07173276712018728
1	1	0.07236183454759515
1	1	0.07444498494129759
1	1	0.07582234963619072
1	1	0.07626575682711334
1	1	0.07228099858942894
1	1	0.07148288351903209
1	1	0.07140140216057334
1	1	0.07139853465408408
1	1	0.10596203210591282
1	1	0.07143337278060513
1	1	0.07893274144567664
1	1	0.07469742948713354
1	1	0.0766284428742352
1	1	0.07150746628374327
1	1	0.07705569004323165
1	1	0.09859259989128721
1	1	0.1286705814704422
1	1	0.09138970095215326
1	1	0.26916842460664037
1	1	0.08464997672622232
1	1	0.09716330093399494
1	1	0.13584507353907238
1	1	0.07794093676660208
1	1	0.07434146183664148
1	1	0.15847706795364136
1	1	0.10965095964427451
1	1	0.07550275711848187
1	1	0.07561880142232846
1	1	0.09442708897593122
1	1	0.18540808504162498
1	1	0.11569324219277122
1	1	0.09251894340577782
1	1	0.07397742692976228
1	1	0.24169106593036138
1	1	0.17407152968073125
1	1	0.0847583481101144
1	1	0.12439369376276366
1	1	0.09614890564192735
1	1	0.07639027122928
1	1	0.08694045396547967
1	1	0.09260320404088496
1	1	0.12246000458565853
1	1	0.07237549062457072
1	1	0.07388417446535434
1	1	0.07137929325206926
1	1	0.07470679317831042
1	1	0.07260881866476288
1	1	0.0754057396236284
1	1	0.07222572332852328
1	1	0.07260980187129007
1	1	0.08034186441512647
1	1	0.08251423082951437
1	1	0.25388150703102597
1	1	0.08081368666179045
1	1	0.11372268633110094
1	1	0.14016361360868046
1	1	0.0746332381906819
1	1	0.07580033821055765
1	1	0.09924972249123454
1	1	0.07741203213507519
1	1	0.09324484392901333
1	1	0.07203685471862875
1	1	0.07631105457609744
1	1	0.1583942349883749
1	1	0.08975046961403133
1	1	0.08609367016749125
1	1	0.08667695206321258
1	1	0.07766620738726127
1	1	0.0867410023861751
1	1	0.0781918074524739
1	1	0.12955837545419557
1	1	0.0801861540126032
1	1	0.08769996090315546
1	1	0.10443277264591833
1	1	0.09968220606680434
1	1	0.07821635597796583
1	1	0.09235374258594053
1	1	0.09339558683277105
1	1	0.08563830224465263
1	1	0.10607908103183183
1	1	0.13933673724148798
1	1	0.07314778711156167
1	1	0.07227117587343856
1	1	0.07157656390840361
1	1	0.0937776835962646
1	1	0.07441530914239325
1	1	0.07164117773698131
1	1	0.07189689886444073
1	1	0.0780028437179825
1	1	0.07146206917940712
1	1	0.07165435003565934
1	1	0.07141200319024743
1	1	0.09825628780688112
1	1	0.07151675561226278
1	1	0.07157085899338356
1	1	0.09644781178057771
1	1	0.07160470252723905
1	1	0.07172546629450971
1	1	0.07166101464043872
1	1	0.07148454721470987
1	1	0.07126228138420065
1	1	0.07119023768543997
1	1	0.07337561383559277
1	1	0.07129800586097979
1	1	0.0713779907104789
1	1	0.09439342456600175
1	1	0.10026696329537288
1	1	0.07549804689923467
1	1	0.07165320514191542
1	1	0.11166266499750943
1	1	0.23016105218426475
1	1	0.13712010956708498
1	1	0.1847802869296391
1	1	0.1339346545415755
1	1	0.08487301432939143
1	1	0.1420163908843598
1	1	0.09075368558258257
1	1	0.07214916255015125
1	1	0.07583084299786891
1	1	0.10951129613321497
1	1	0.07193086529449699
1	1	0.07137089030341659
1	1	0.0720925961951756
1	1	0.07151494314392015
1	1	0.07152370217193882
1	1	0.07135170615656539
1	1	0.07129395446992748
1	1	0.07135739252487783
1	1	0.0721168696459219
1	1	0.07135148680887049
1	1	0.0767095255673953
1	1	0.07407165582748487
1	1	0.0833948357379336
1	1	0.09653911444274854
1	1	0.149499738526919
1	1	0.09412448820863817
1	1	0.08830934535495649
1	1	0.08876078616084782
1	1	0.07226927755784074
1	1	0.07213463605617831
1	1	0.07822280245557567
1	1	0.10814167754634763
1	1	0.07411341128155013
1	1	0.0780171128801711
1	1	0.07803947896987262
1	1	0.07297856846857531
1	1	0.1059317295223825
1	1	0.1581542507568392
1	1	0.13761115947672686
1	1	0.07546395668489603
1	1	0.07173941288883223
1	1	0.1110723135097057
1	1	0.10241669018030142
1	1	0.07728302976946455
1	1	0.10593328960224568
1	1	0.09177330822470697
1	1	0.07495291439258178
1	1	0.09290137836263768
1	1	0.07484348943510499
1	1	0.07623397943429522
1	1	0.09275776000900982
1	1	0.0732072480653323
1	1	0.07436745602454364
1	1	0.07137056819143595
1	1	0.07171489297794087
1	1	0.08024177054520443
1	1	0.07250555820222826
1	1	0.07146082985280722
1	1	0.0843801332116384
1	1	0.07226613905176227
1	1	0.07145879995354154
1	1	0.07137904255813399
1	1	0.07924161663335971
1	1	0.07369002731890428
1	1	0.07132401793631193
1	1	0.07211848893203887
1	1	0.0724052957285225
1	1	0.07216210676596835
1	1	0.07149124717132616
1	1	0.07164394937607843
1	1	0.07144921776371338
1	1	0.07133749454728733
1	1	0.07238731962524092
1	1	0.07302968243256436
1	1	0.07927593581427483
1	1	0.07302069618706009
1	1	0.19809288850795292
1	1	0.24424009749921005
1	1	0.08691289100373589
1	1	0.08354512465360742
1	1	0.091994117716787
1	1	0.10000463770743617
1	1	0.19627570490824298
1	1	0.09265973946761064
1	1	0.20961315127454705
1	1	0.2069958450859125
1	1	0.08641320538218056
1	1	0.07748789149606639
1	1	0.07504380164722824
1	1	0.07167797827182665
1	1	0.08020816588434332
1	1	0.07519284082574351
1	1	0.10229906125636745
1	1	0.08049122273800668
1	1	0.08651495620758243
1	1	0.08203044966396578
1	1	0.07364625787149115
1	1	0.07415403197496095
1	1	0.07669008276443345
1	1	0.22857180467013039
1	1	0.09713594845577045
1	1	0.09188016782115749
1	1	0.09447696550154605
1	1	0.07181986977658783
1	1	0.07138115729240557
1	1	0.0713261309951706
1	1	0.07136033382537543
1	1	0.07195336971539257
1	1	0.09927095210210313
1	1	0.07151888552624541
1	1	0.07428951800732575
1	1	0.07163319248730704
1	1	0.07416515106283561
1	1	0.07180732794920497
1	1	0.07142280657311917
1	1	0.07138847051036601
1	1	0.07285079490155211
1	1	0.07228378492608145
1	1	0.07418608674515592
1	1	0.1097260354015569
1	1	0.09654633027180792
1	1	0.08241046854510947
1	1	0.13924921735992302
1	1	0.3050140460397277
1	0	0.5759354615869258
1	1	0.13115270514420774
1	1	0.07885391276048404
1	1	0.08342653590037163
1	1	0.09429930605952952
1	1	0.09993592280233687
1	1	0.07302029141254218
1	1	0.08028593074493928
1	1	0.09828072898001072
1	1	0.07768815543561935
1	1	0.0795807670048917
1	1	0.09017370337299568
1	1	0.07306842817051773
1	1	0.07190005714127734
1	1	0.07174797362314278
1	1	0.07636951678622395
1	1	0.0725880093837018
1	1	0.07154411581697573
1	1	0.07170087280725312
1	1	0.07160358363814401
1	1	0.07143016098993304
1	1	0.07523335858260771
1	1	0.07203233767947481
1	1	0.07194016587035612
1	1	0.07983854446409422
1	0	0.7702454614235967
1	1	0.2938243615991689
1	1	0.4804820857662889
1	0	0.7722913215787464
1	0	0.6474255768277981
1	0	0.8629084509786412
1	0	0.8945245258418032
1	0	0.5870934584980496
1	0	0.7266467966794652
1	0	0.8337731301159937
1	0	0.8852927111925617
1	0	0.6370998206476073
1	0	0.7060119385816037
1	1	0.3016297916901074
1	1	0.43994032584404696
0	0	0.7188273707055851
1	1	0.20627637787227904
1	1	0.486242246936453
1	0	0.6693352259005552
1	0	0.5951948190722367
1	0	0.7589910530178368
1	0	0.8786738608429392
1	1	0.27887464124880745
1	1	0.334790451506245
1	1	0.2368086291594973
1	1	0.36835727241446525
1	1	0.16750892092721037
1	1	0.2571106255689687
1	0	0.7741167541902956
1	1	0.49332781257828473
1	0	0.6027017737646265
1	1	0.2945303803940452
1	1	0.14387434716314862
1	1	0.3381976175501541
1	1	0.4773488288364548
1	0	0.5401267577452311
1	0	0.664145937214319
1	0	0.8357941493423351
1	0	0.6448475723138528
1	0	0.7850317479028869
1	0	0.5405968982446654
1	1	0.4246363873659872
1	1	0.11958277351413515
1	1	0.10923752624768346
1	1	0.2624675841452905
1	1	0.46889624602842395
1	0	0.5592318591247869
1	0	0.7406846982227666
1	0	0.8438306973661615
1	1	0.4910706181758394
1	0	0.6086253082086353
1	1	0.36320622760576504
1	0	0.5497672440061345
1	1	0.34941597485025855
1	0	0.6984005430653448
1	1	0.11773743797644609
1	1	0.43628809598869234
1	1	0.1846482985244997
1	1	0.16932534197105087
1	0	0.5052465802249634
1	1	0.16540752878242815
1	1	0.2962441108714343
1	1	0.3739897675468701
1	1	0.3559042975617166
1	1	0.1948742564203224
1	1	0.25646988983059005
1	1	0.08857291345408103
1	1	0.20314143846023114
1	1	0.3566273802387814
1	0	0.5383542004291739
1	1	0.32133258360918193
1	0	0.875614152694198
1	0	0.8939212730237118
1	0	0.8921829760286192
1	0	0.7663331190973082
1	0	0.8294064870841111
1	1	0.4780618612855251
1	0	0.5209936035718593
1	0	0.799527424894146
1	1	0.28558618337396413
1	0	0.697681349907356
1	1	0.2714759406190239
1	1	0.3223308841332453
1	1	0.26662918908865085
1	1	0.2520918967333726
0	1	0.42733976965926723
1	0	0.5676772129237271
1	1	0.2102378517388217
1	1	0.2615723532804739
1	1	0.3540475298028075
1	0	0.5263577518229393
1	0	0.8885338702001411
1	1	0.44639863724818063
1	1	0.25406584953508315
1	1	0.19138948281123358
1	1	0.17413401645145488
1	1	0.21685920581577722
1	1	0.1110634480285343
1	1	0.4199506819630061
1	1	0.3146105649837616
1	1	0.19781932160860616
1	1	0.20022031303029275
1	1	0.27447017982060473
1	0	0.6208439670276755
1	0	0.814523288606641
1	1	0.1706948912572146
1	1	0.31032079762828024
1	0	0.6433355370904663
1	1	0.2494267720076211
1	1	0.4102382982444571
1	0	0.5934177303008233
1	1	0.13348932641393763
1	1	0.09548256592761717
1	1	0.11028576896856823
1	1	0.09073249299847008
1	1	0.07830827517911143
1	1	0.08022341887565743
1	1	0.07368898816108227
1	1	0.1085704995765071
1	1	0.32945537286256565
1	1	0.0780994019507838
1	1	0.08024614632100469
1	1	0.09630283703579834
1	1	0.0778767296779116
1	1	0.1391549293644192
1	1	0.33183984379000653
1	1	0.07477792569879504
1	1	0.07672304544480035
1	1	0.08002648847156879
1	1	0.08403029701301179
1	1	0.07871608522976226
1	1	0.26727450215883264
1	0	0.7641673110451941
1	1	0.12124661935593872
1	1	0.09616152543079881
1	1	0.0836105386678403
1	1	0.1369624010431204
1	0	0.8269959603153975
1	1	0.4362611410408228
1	1	0.09647008190689266
1	1	0.1048376814238694
1	1	0.20696005547348306
1	1	0.09226438349496302
1	1	0.2171193817807089
1	1	0.1364711350349167
1	1	0.10399427572567788
1	1	0.11009791544019554
1	0	0.802897271197906
1	1	0.38449853886493124
1	1	0.181075790074133
1	0	0.8830588910399978
1	0	0.9019145425446635
1	0	0.8343494089937966
1	1	0.0909501897106818
1	1	0.16419680392729052
1	1	0.09607613810204252
1	1	0.36242569759241317
1	1	0.13660371680149186
1	1	0.21649804630167546
1	1	0.43279378609198094
1	1	0.47727208944663235
1	0	0.5745281937833087
1	1	0.2372805453086838
1	0	0.5351734153811587
1	1	0.10191318200999844
1	1	0.10902630767883714
1	1	0.20048811601750693
1	1	0.09236546709602034
1	1	0.11138719607223568
1	1	0.08146852254774228
1	1	0.08062886183848539
1	1	0.169185263038378
1	1	0.09745769687433259
1	1	0.21449348177694283
1	1	0.10364110307682628
1	1	0.11339527821092776
1	1	0.07955236498668627
1	1	0.08542395728570928
1	1	0.07461620836441973
1	1	0.07894349679936741
1	1	0.3267455976116036
1	1	0.16526096341465613
1	1	0.10143977764429057
1	1	0.11244077868302804
1	1	0.17570759542190995
1	1	0.22386397866779217
1	1	0.1126407355161938
1	1	0.1312707321058958
1	1	0.07858490996007983
1	1	0.17042881470860494
1	1	0.09893883220040445
1	1	0.15730470954255793
1	0	0.5439101347411657
1	1	0.13119899034146731
1	1	0.3079149097673648
1	1	0.11176420786487051
1	1	0.2728135714908062
1	1	0.10033521108369914
1	1	0.09542494017520897
1	1	0.31841759207696596
1	1	0.10580605929700515
1	1	0.07882600165158438
1	1	0.08011088458215976
1	1	0.07776064839086994
1	1	0.07775289868554558
1	1	0.08285553412879043
1	1	0.077812312922804
1	1	0.07603427588557987
1	1	0.07406927604767721
1	1	0.07624857455431633
1	1	0.17519032083524844
1	1	0.07874579097114087
1	1	0.07691086198670383
1	1	0.07442169802782783
1	1	0.07542103551786594
1	1	0.07885606516408761
1	1	0.16991828368253503
1	1	0.0776765384423399
1	1	0.4627203301019097
1	1	0.10147350165860358
1	1	0.10846619980899208
1	1	0.11514599557097971
1	1	0.1315990318468081
1	1	0.07969291549512725
1	1	0.09684118299449296
1	1	0.08124523436041553
1	1	0.15991501472590786
1	1	0.2516697325075269
1	0	0.551160858069331
1	1	0.09889980671825571
1	1	0.08243010586860544
1	1	0.08647978760855568
1	1	0.13821326754090635
1	1	0.0943984238498673
1	1	0.10334504897891394
1	1	0.09642481451367779
1	1	0.15368059425457659
1	1	0.11898266001439883
1	1	0.1349377799229714
1	1	0.23252487580199965
1	1	0.09451990671660948
1	1	0.07916667912995001
1	1	0.07395861267887527
1	1	0.09356483276670957
1	1	0.15922651568361146
1	1	0.12536530807755797
1	1	0.22398545487454757
1	1	0.07826879283471899
1	1	0.07870595346463649
1	1	0.09628509489583159
1	1	0.08298276463742216
1	1	0.08145710628252678
1	1	0.08323042184800133
1	1	0.07887865769570168
1	1	0.08663270398974676
1	1	0.08064447377437567
1	1	0.07625340824519844
1	1	0.3631798356077356
1	1	0.4452111988637747
0	0	0.8135651154642409
1	1	0.2619496778712377
1	1	0.239872432552645
1	1	0.16777316885036242
1	1	0.1747881419714047
1	1	0.14561970703690275
1	1	0.1166287440952809
1	1	0.17445975516081713
1	1	0.13765069447458522
1	1	0.1772326185087918
1	1	0.39231206798871787
1	1	0.08207011524042818
1	1	0.08640348120245078
1	1	0.07845571674655438
1	1	0.07676206035781119
1	1	0.07541483957451811
1	1	0.07386561676185088
1	1	0.07435285062346964
1	1	0.07577009984276417
1	1	0.0743523495030407
1	1	0.07430828462147743
1	1	0.0752073740271646
1	1	0.08225863045879589
1	1	0.262537237516678
1	1	0.1421690586262383
1	1	0.07498635925395691
1	1	0.08335353976983306
1	1	0.12093263194292381
1	1	0.1000128875940478
1	1	0.09975183907737906
1	1	0.09507698825105615
1	0	0.5380329602372984
1	0	0.7211041103225908
1	0	0.7362833961776557
1	0	0.7201304545646598
1	1	0.1475489362492175
1	1	0.28857950805274424
1	1	0.16421611386856172
1	0	0.5834195286498214
1	0	0.6120378871338645
1	1	0.2052878419340166
1	1	0.27430611003311545
1	1	0.2235929920553329
1	1	0.08216077360231622
1	1	0.07755546313205841
1	1	0.07864746080024376
1	1	0.3656838106539051
1	1	0.09664978389066814
1	1	0.1384952191941976
1	1	0.31360070805250895
1	1	0.09360102272375259
1	1	0.08691497892802025
1	1	0.08351062221870598
1	1	0.08386682086299291
1	1	0.078350561135625
1	1	0.07902361965396865
1	1	0.0993940919682077
1	1	0.48261116087787326
1	1	0.1096426091812226
1	1	0.10599224078145142
1	1	0.3798089975459513
1	1	0.30197601293468423
1	0	0.5984206953810093
1	1	0.3400208510275161
1	1	0.39617844129704105
1	1	0.3587031334243489
1	1	0.16471652530330871
1	0	0.5537007903812554
1	0	0.5637662873658702
1	0	0.8300309700141657
1	0	0.5025574541786589
1	1	0.4667582981665548
1	1	0.2126415747890651
1	0	0.5321041561765355
1	1	0.3407908426910019
1	1	0.1640479136422024
1	1	0.22929530051368907
1	0	0.8208501447899157
1	1	0.33033723834595297
1	1	0.1883237007111288
1	1	0.2198153514960549
1	1	0.20523842863253083
1	1	0.20463786755055524
1	1	0.21524691907170934
1	1	0.20395998642684665
1	1	0.34023802141370174
1	1	0.4360433058588131
1	0	0.5809437306167001
1	0	0.9059327134926249
1	0	0.8788341647140331
1	0	0.8797932785213273
1	0	0.7819053211853064
1	0	0.8608879082763206
1	0	0.8958017075463552
1	0	0.8055367885855268
1	1	0.4552247864845169
1	0	0.6510216634642065
1	0	0.6650655530272234
1	0	0.5142078048907666
0	0	0.8337184795635257
1	0	0.8918984209297808
0	0	0.9115122256649467
1	0	0.8890119755516082
1	0	0.8666240620562771
1	0	0.6293851962808996
1	0	0.6864879543187894
1	1	0.4336471603471074
1	1	0.2240362822353109
1	0	0.709721550542761
1	0	0.8179118490851824
1	0	0.524556767240959
1	1	0.16236603153179385
0	1	0.21921677123921202
1	1	0.3255373280207108
1	1	0.1564337460100792
1	1	0.1270328430458063
1	1	0.09931247808134636
1	1	0.10459301238516183
1	1	0.09143908271329382
1	1	0.13704658951322068
1	1	0.18199502762942288
1	1	0.10437154581698149
1	1	0.10194145001531485
1	1	0.10223629925078126
1	0	0.7507061123854448
1	1	0.3303237181598957
1	1	0.44243783590349706
1	0	0.7634805246995364
1	1	0.16954239736145804
1	1	0.10995507414952566
1	1	0.09491264917515296
1	1	0.1609406510301341
1	1	0.10321380522762069
1	1	0.16328061249743686
1	1	0.3238052001166265
1	1	0.1946249466824771
1	1	0.27857558800460647
1	1	0.19518056742026701
1	0	0.6088072741165149
1	1	0.3754515232424641
1	1	0.31168924836515965
1	1	0.25109539512012014
1	0	0.8096881776241407
1	1	0.20975017756062975
1	1	0.20909679748770438
1	1	0.15377076793253197
1	1	0.14185065068458647
1	1	0.12924375906975316
1	1	0.2852079983939718
1	1	0.32302578891939804
1	0	0.8726632004677071
1	0	0.8510199343826763
1	0	0.6649024147819649
1	0	0.5283154554914062
1	0	0.5272831971507503
0	1	0.32846130442423205
1	1	0.36519116784939176
1	1	0.22773541095452632
1	1	0.3100561205251602
1	1	0.3246335911935868
1	1	0.28261124602243326
1	1	0.18771244676474175
1	1	0.4487489812789841
1	0	0.8726999149889019
1	1	0.1937820341750982
1	1	0.10392566811769899
1	1	0.16105825196962642
1	1	0.10943971280874953
1	1	0.10020712189170744
1	1	0.09660249318594183
1	1	0.10482167883797011
1	1	0.11626565387926235
1	1	0.13477728346163553
1	1	0.13076384414572317
1	1	0.13640047093626373
1	1	0.10973811991027416
1	1	0.13333454715661985
1	1	0.14604761935338395
1	1	0.0926828321664731
1	1	0.11860137553648287
1	1	0.12907205459145543
1	1	0.09344406552856632
1	1	0.1533448886384543
1	1	0.21008614844392848
1	1	0.37323913771972117
1	0	0.8102011688450603
1	1	0.19332112356243492
1	1	0.10175792122774929
1	1	0.10052029672947782
1	1	0.2080232904680943
1	1	0.17010907899545047
1	1	0.14026094547264423
1	1	0.11037801592514385
1	1	0.1111221321977377
1	1	0.0948839779136017
1	1	0.2007095377420267
1	1	0.17496271470967462
1	1	0.1626245027908877
1	1	0.11195461058207201
1	1	0.18710749729585086
1	1	0.10617556040240261
1	1	0.1377962726720845
1	1	0.16306838293986115
1	1	0.17069033315103366
1	1	0.21794734475912392
1	1	0.171231336247342
1	1	0.2671432365843207
1	1	0.09894351687493352
1	1	0.13016754752565873
1	1	0.11235408894957866
1	1	0.09511206268368544
1	1	0.1368561849480462
1	1	0.14095248971483765
1	1	0.08952369997408027
1	1	0.18954162622404613
1	1	0.09850870078955676
1	1	0.13315972896032058
1	1	0.11253090285453093
1	1	0.15335826752852244
1	1	0.11354116546394744
1	1	0.09804776586453423
1	1	0.09157482042339682
1	1	0.24215706899185985
1	0	0.5114530200742613
1	1	0.4500596798020454
1	1	0.1442910420281618
1	1	0.2534627620663503
1	1	0.12129714765021338
1	1	0.13576693711451726
1	1	0.15085520185188772
1	1	0.4527681737234872
1	0	0.8056219465688446
1	0	0.8935546366636773
1	1	0.10335389570259967
1	1	0.1875472923174205
1	1	0.2030683478508265
1	0	0.5238441678835345
1	1	0.14758651597781347
1	1	0.1018222591343676
1	1	0.24452277259954192
1	1	0.3089347005990143
1	1	0.2631302656943554
1	1	0.10156368752754519
1	1	0.35397652061392393
1	0	0.6067754279595943
1	1	0.14352465397977654
1	1	0.11617630209889074
1	1	0.07689278615253758
1	1	0.07437790594290405
1	1	0.07400940682070722
1	1	0.07399939702354008
1	1	0.07861631418773196
1	1	0.07964522472991808
1	1	0.2334324810787326
1	1	0.15605287625890485
1	1	0.2802593226290846
1	1	0.08368359337803721
1	1	0.09973729639023587
1	1	0.09038638661459386
1	1	0.11679771751498291
1	1	0.3664133739115555
1	1	0.17628961324061299
1	1	0.10526393802380629
1	1	0.18234085756681506
1	1	0.16386388436221921
1	1	0.1163197417098597
1	1	0.09578142008037527
1	1	0.07750812559235809
1	1	0.0886351683169071
1	1	0.10479316510215786
1	1	0.10441694592446704
1	1	0.1225057534706161
1	1	0.32913287371312383
1	1	0.12928474976465365
1	0	0.8741827067302259
1	0	0.6127792519101737
1	1	0.18869838668515881
1	1	0.09596487272600729
1	1	0.07967883539766774
1	1	0.07695043000655133
1	1	0.08066513113861462
1	1	0.07567832665146768
1	1	0.09599236939842326
1	1	0.0769953713872602
1	1	0.08401839608755446
1	1	0.37411969358419217
1	1	0.08019345137179967
1	1	0.08344552473597922
1	1	0.18396502738527476
1	1	0.07886564172278099
1	1	0.07930481377673726
1	1	0.1200656138082915
1	1	0.24135623918109472
1	1	0.15044877625757014
1	1	0.0869591715966278
1	1	0.08427470311212226
1	1	0.08493577146398712
1	1	0.0747692098846523
1	1	0.08063523214196988
1	1	0.13065981789655934
1	1	0.07483785962836642
1	1	0.08622233693278558
1	1	0.11314408359483752
1	1	0.4471555949277659
1	0	0.8837088440457223
1	0	0.570309604039281
1	0	0.6170918532366114
1	0	0.6408384498629303
1	0	0.7294027268586158
1	1	0.4276742288979971
1	0	0.6597207461636554
1	1	0.16268081800004808
1	1	0.09055149448758826
1	1	0.16103351906739782
1	1	0.0746404993596449
1	1	0.3276599301103972
1	1	0.15165637095730822
1	1	0.1468951751114923
1	1	0.413633285497111
1	0	0.5417904072423109
1	1	0.4645603627056356
1	1	0.28421290196790605
1	1	0.14381969561879437
1	1	0.11434843667897565
1	1	0.10506673972088187
1	1	0.08340373194062778
1	1	0.07932750754443396
1	1	0.07857877670219493
1	1	0.09927812232512556
1	1	0.08011416909565583
1	1	0.07685999137643029
1	1	0.3075536098518862
1	1	0.19859499776532186
1	1	0.07851220345107546
1	1	0.07895569437503214
1	1	0.07385900567865755
1	1	0.07612875834052257
1	1	0.14931606203345937
1	1	0.08039866922947703
1	1	0.08470121244150952
1	1	0.07472979440631844
1	1	0.08425712029206311
1	1	0.09777594863075201
1	1	0.1196813235407731
1	1	0.1433243592029917
1	1	0.08036250593820393
1	1	0.40442795171270896
1	1	0.0928262668538008
1	1	0.17132503489175066
1	1	0.10129276624253725
1	1	0.07746127545260095
1	1	0.19409661906799702
1	1	0.08002667703336563
1	1	0.09232696028811038
1	1	0.13539595392028847
1	1	0.07764159182838548
1	1	0.16053396045814006
1	1	0.21031134606586743
1	0	0.717865856541392
0	0	0.721040315105417
1	1	0.4159398042968282
1	1	0.4804966510476343
1	1	0.3012776527067671
1	1	0.1008937716638445
1	1	0.2943718328226602
1	1	0.0859152521821328
1	1	0.07696662565181
1	1	0.14364882137627066
1	1	0.13334116374976535
1	1	0.14489252008965747
1	1	0.15768139114835455
1	1	0.16267419512260972
1	1	0.07659444345468391
1	1	0.07841535421591428
1	1	0.07657315584674429
1	1	0.19166664236490483
1	1	0.08979558211409266
1	1	0.11591017138534165
1	1	0.15286450975170374
1	1	0.08930053920260483
1	1	0.14873268354800384
1	1	0.17283687978241236
1	1	0.11710203153995424
1	1	0.07827774554774947
1	1	0.07728735397248476
1	1	0.07659504657260019
1	1	0.08829668381054256
1	1	0.08170071661660239
1	1	0.08471690332244097
1	1	0.3689033868535836
1	1	0.09036399383229687
1	1	0.1110658910224891
1	1	0.12005071077891716
1	1	0.1347464331930025
1	1	0.08787970039123327
1	1	0.10054306363672183
1	1	0.077824221159711
1	1	0.0781465833559114
1	1	0.07982428745604653
1	1	0.07738131248824576
1	1	0.08482266899851765
1	1	0.07718760578074035
1	1	0.21860617411538374
1	1	0.07821778981184568
1	1	0.07690156918348368
1	1	0.07741107045156559
1	1	0.07656643269612906
1	1	0.0876082713614389
1	1	0.07709000424395551
1	1	0.2186675646515659
1	1	0.09049342952469708
1	1	0.07602320304926513
1	1	0.07514489901467991
1	1	0.08228237511054914
1	1	0.08780705012423229
1	1	0.07373559911446881
1	1	0.08548590733217343
1	1	0.10873034705315732
1	1	0.07483521198490084
1	1	0.1360060693080768
1	1	0.11479239527275398
1	1	0.07785807755406116
1	1	0.07430142624346159
1	1	0.07963091025827462
1	1	0.09409401428901687
1	1	0.08187793572827495
1	1	0.10326767277756355
1	1	0.07543415559446343
1	1	0.07406727509657907
1	1	0.07619169844004692
1	1	0.0866700550630154
1	1	0.08343465951578799
1	1	0.11853346657672537
1	1	0.15993100902253377
1	1	0.07552790993592828
1	1	0.09497389553203806
1	1	0.11826681419012774
1	1	0.07418139753946118
1	1	0.09801832373977204
1	1	0.07308785620554403
1	1	0.14092039924325028
1	1	0.3308083006723539
1	1	0.34428902396779715
1	1	0.08749319557311408
1	1	0.10877807923219285
1	1	0.2873168194020722
1	1	0.08609155622461917
1	1	0.27570786944187975
1	0	0.6799410581301111
1	1	0.30836104168670786
1	1	0.45597504701213154
1	1	0.33432208618511605
1	0	0.5490878824792533
1	1	0.09932627411182837
1	1	0.08771716525183682
1	1	0.07649845517655107
1	1	0.09290922792820044
1	1	0.26598687341372873
1	1	0.11615874799616033
1	1	0.07419234570264588
1	1	0.13548880890007042
1	1	0.2987337911686144
1	1	0.232132005992725
1	1	0.177136532194637
1	1	0.24418416486819372
1	1	0.07936723073939889
1	0	0.6299773978959095
1	1	0.43678737890586083
1	1	0.2517507440297093
1	1	0.10355255797232643
1	1	0.0928208699674099
1	1	0.09777145656846109
1	1	0.12610521436823086
1	1	0.17085665079722834
1	1	0.12323859119376734
1	1	0.11280234291204183
1	1	0.24112502974558092
1	1	0.13349345604334262
1	1	0.17859983041291938
1	1	0.26888143038127565
1	1	0.3329902375763393
1	1	0.0811314678449866
1	1	0.09090162479061314
1	1	0.07551280324974807
1	1	0.08894855488965503
1	1	0.07995942441090342
1	1	0.0950778665550509
1	1	0.08255727284507286
1	1	0.09674026685947801
1	1	0.09621164488681155
1	1	0.2908394536859732
1	1	0.09260546545876791
1	1	0.09622586089036789
1	1	0.09524923224179982
1	1	0.1644448302077678
1	1	0.08185086937082209
1	1	0.09372348454538915
1	1	0.21363892121485262
1	1	0.07943109273877957
1	1	0.07743381544001549
1	1	0.13462836492342578
1	1	0.07947533821348374
1	1	0.10789513391466288
1	1	0.07774506071479892
1	1	0.0842120287169571
1	1	0.07737789017831909
1	1	0.10311756616251344
1	1	0.09486024429097739
1	1	0.09675669658798536
1	1	0.07585632822898414
1	1	0.092422005424454
1	1	0.11846216873934967
1	1	0.3567533946351624
1	1	0.07983317369694531
1	1	0.07789406528495024
1	1	0.07325377435373204
1	1	0.07495271511317447
1	1	0.09136818517477452
1	1	0.10565315471769055
1	1	0.09738799758604866
1	1	0.11142341026728642
1	1	0.3312926112396084
1	1	0.08829826568089427
1	1	0.08583175664778397
1	1	0.2542472336343641
1	1	0.305478244553243
1	1	0.2458805132778149
1	1	0.09363928348598194
1	1	0.1078150938757142
1	1	0.11861737515951865
1	1	0.08118512698092106
1	1	0.08055491789232916
1	1	0.07612868631620395
1	1	0.0845398628825057
1	1	0.07680079108338078
1	1	0.09748142641236224
1	1	0.09491371687868455
1	1	0.09792880308328544
1	1	0.09021034994969179
1	1	0.4079743751717688
1	1	0.4082469059512527
1	1	0.18296150406027345
1	1	0.3618506764466314
1	1	0.10651446999061087
1	0	0.5138832688720967
1	1	0.10541672428890614
1	1	0.11398465850481942
1	1	0.07750785307532382
1	1	0.07490074934293556
1	1	0.0751100700383247
1	1	0.07435669729973915
1	1	0.07984243958861081
1	1	0.07999669354494265
1	1	0.07314753067318436
1	1	0.13851067931638172
1	1	0.07844442606825908
1	1	0.10976687061376711
1	1	0.09733120348342938
1	1	0.1366400868105354
1	1	0.10533348213403726
1	1	0.0850910195981196
1	1	0.2690246706955933
1	1	0.3494532718010541
1	1	0.13147413399202423
1	1	0.10215962828862668
1	1	0.09788038288848322
1	1	0.16462164268029733
1	1	0.08062443672305963
1	1	0.0961197872359808
1	1	0.08985022870523784
1	1	0.1057811149210558
1	1	0.10463943343222182
1	1	0.27956230245898317
1	1	0.14088496064877776
1	1	0.10958483260655238
1	1	0.0967819944298215
1	1	0.0882200974486056
1	1	0.07933017771782735
1	1	0.08254739073787198
1	1	0.07674080816599782
1	1	0.12891205739948286
1	1	0.1358036071795492
1	1	0.08028159089041176
1	1	0.0726845648966723
1	1	0.07562612476628683
1	1	0.08001974471914397
1	1	0.19195849763190587
1	1	0.1338166998189788
1	1	0.087585299973303
1	1	0.10142894122930524
1	1	0.07549134387171141
1	1	0.09785793252251995
1	1	0.08029324118463455
1	1	0.1134992172135364
1	1	0.2741345752016304
1	1	0.24583982053077558
1	1	0.09859164539783094
1	1	0.0777759842313035
1	1	0.15937251918648265
1	1	0.09847735826282711
1	1	0.11831345773229018
1	1	0.0846981542287284
1	1	0.09501598942870149
1	1	0.08430129922316609
1	1	0.1270255489651143
1	1	0.07594396605359766
1	1	0.11298240079852917
1	1	0.13152031154048438
1	1	0.21625742839971074
1	1	0.12948769191624043
1	1	0.09716171257879225
1	1	0.1221890629993273
1	1	0.12392102405583127
1	1	0.14479733340412537
1	1	0.11615425684951652
1	1	0.1042431877693365
1	1	0.08422156649308643
1	1	0.12976405172968009
1	1	0.1008157990680505
1	1	0.07700523300742046
1	1	0.07919390190453945
1	1	0.09019053104116304
1	1	0.12631032468751946
1	1	0.07646786334405986
1	1	0.08768190617911764
1	1	0.12237276375799166
1	1	0.1827459650106733
1	1	0.08661109803075007
1	1	0.07518262315289592
1	1	0.09148954783139907
1	1	0.10192114239836991
1	1	0.07364483261301447
1	1	0.0734379499412603
1	1	0.09045093836279672
1	1	0.07502202663131496
1	1	0.0999518290651813
1	1	0.11109997577334818
1	1	0.1008736921694412
1	1	0.4900175281916266
1	1	0.1239490026986444
1	1	0.07278936599345154
1	1	0.18597969382372703
1	1	0.11682780778261381
1	1	0.21702590124481336
1	1	0.08534748295133077
1	1	0.13697564711418098
1	1	0.3274528526580972
1	1	0.11775568932700164
1	1	0.10015369964580423
1	1	0.07367621385206291
1	1	0.14967168416826537
1	1	0.09474780925542203
1	1	0.1011897329342788
1	1	0.10310972392479356
1	1	0.10708423609290285
1	1	0.1085684870773388
1	1	0.2460601888586914
1	1	0.09266732800236532
1	0	0.6102275311561582
1	1	0.35104672512368007
1	1	0.24763652854119744
1	1	0.16853496903351195
1	1	0.08964483310979554
1	1	0.21474802287401162
1	1	0.12457090006697724
1	1	0.12857962187569472
1	1	0.08599542343791988
1	1	0.1240597556841011
1	1	0.17094298521098283
1	1	0.10775024496721297
1	1	0.11042228660838482
1	1	0.23953493266685155
1	1	0.10489365879178614
1	1	0.1627486528524651
1	1	0.18590157234621174
1	1	0.077437565160285
1	1	0.09286715874178342
1	1	0.07621722568036637
1	1	0.08291547355824824
1	1	0.09924691539203467
1	1	0.07557109690808861
1	1	0.0772768480142838
1	1	0.11074337708727988
1	1	0.07638036280573857
1	1	0.09900800368539853
1	1	0.08609384876973059
1	1	0.11433090482852193
1	1	0.10845304763335151
1	1	0.1059925099021245
1	1	0.07853907814898453
1	1	0.16128225722130052
1	1	0.07833223798670219
1	1	0.08341074468612852
1	1	0.08444428243410407
1	1	0.11793787049369542
1	1	0.1301291513749251
1	1	0.18753672492181173
1	1	0.10246586200414887
1	1	0.12019825475351953
1	1	0.25064245555441345
1	1	0.07627394680700361
1	1	0.08278080948707112
1	1	0.08446963201591817
1	1	0.07634690030852753
1	1	0.12570453092734712
1	1	0.14548887452216908
1	1	0.17153891066483495
1	1	0.3726935436055332
1	1	0.08699297160141883
1	1	0.08885873714417769
1	1	0.37717656643147146
1	1	0.22111804152684278
1	0	0.5021373470912899
1	0	0.5874424174172344
1	0	0.6498137023607202
1	1	0.16159727134292745
1	1	0.1051855648447132
1	1	0.07697541927471685
1	1	0.1492080254276693
1	1	0.18021163740994517
1	1	0.10990709369476637
1	1	0.10293174000030403
1	1	0.08504824712270298
1	1	0.0758098753795019
1	1	0.08492875503924413
1	1	0.2326702783647887
1	1	0.09514563614884786
1	1	0.19722450184347073
1	1	0.10148915504803069
1	1	0.09421109285292906
1	1	0.19434082800015606
1	1	0.17735021146540642
1	1	0.1307018240497485
1	1	0.08135423626586413
1	1	0.12052223549423724
1	1	0.15457736661931698
1	1	0.11961175997083728
1	1	0.08400938430286609
1	1	0.08399920539003669
1	1	0.0882662314559024
1	1	0.0785186697346889
1	1	0.08103152270971015
1	1	0.09685934222733439
1	1	0.10195015273488428
1	1	0.08499612227573194
1	1	0.0794119065155916
1	1	0.11331704148955546
1	1	0.09727167753477994
1	1	0.09752689693757921
1	1	0.16935980104461001
1	0	0.5723630853452113
1	1	0.13579759750361597
1	1	0.12450891991120072
1	1	0.10224160844994579
1	1	0.1360684547913633
1	1	0.09211055877775898
1	1	0.1008354210873178
1	1	0.13039900359667334
1	1	0.21696210756299983
1	1	0.09409054437401088
1	1	0.11900948247013454
1	1	0.2566632830357847
1	1	0.3792856408986188
1	1	0.18617917190159605
1	1	0.3333761486117419
1	1	0.11371024365874771
1	1	0.15563463079819495
1	1	0.17572221990401726
1	1	0.2871904664367053
1	1	0.08181879678156401
1	1	0.17055515636281848
1	1	0.3449318492356357
1	1	0.13136513019474838
1	1	0.17060081463595156
1	1	0.10856597229784992
1	1	0.07683002638306657
1	1	0.0903663034588692
1	1	0.10729326437839537
1	1	0.1478155802760599
1	1	0.10842457880681977
1	1	0.08194492456867697
1	1	0.08504039685250364
1	1	0.15329534471535877
1	1	0.08381326957078439
1	1	0.08244924120195973
1	1	0.10031550096481268
1	1	0.17185104304800558
1	1	0.07386779550260292
1	1	0.1034671512216161
1	1	0.15288651983018087
1	1	0.08537974362781886
1	1	0.12811860342286963
1	1	0.08275346807357598
1	1	0.07667822355488563
1	1	0.07506946739391207
1	1	0.12459805477190622
1	1	0.07544306650622745
1	1	0.13703029832973268
1	1	0.08149096121998389
1	1	0.09596784459279772
1	1	0.07967717723335621
1	1	0.10554759154042981
1	1	0.1607581157985125
1	1	0.1353798786737309
1	1	0.11877531953846898
1	1	0.1733372389197818
1	1	0.09125193218045524
1	1	0.11658504340518927
1	1	0.09182147927376427
1	1	0.07656384261998472
1	1	0.08302480537867685
1	1	0.09810975896863239
1	1	0.16908144293673044
1	1	0.0951878186473678
1	1	0.07703095968773843
1	1	0.0796165799770292
1	1	0.09592916702548804
1	1	0.12209704539635435
1	1	0.07615310382023577
1	1	0.10985199203311724
1	1	0.08643106028976044
1	1	0.07375707696716571
1	1	0.09186825510350927
1	1	0.1454008711917646
1	1	0.10993105808696224
1	1	0.1620440385657207
1	1	0.09327182606982809
1	1	0.21188874087046816
1	1	0.1850139138135355
1	1	0.11970473559334249
1	1	0.08261996821234352
1	1	0.08188108476695288
1	0	0.5964134529962792
1	1	0.20025987796979405
1	1	0.12637769096453777
1	1	0.0975023496057329
1	1	0.10887880307834874
1	1	0.23553556098340866
1	1	0.2059462322873581
1	1	0.13371272580224436
1	1	0.07820400041575815
1	1	0.12816959455705834
1	1	0.4825319586346424
1	1	0.1124517309016585
1	1	0.08904934165867473
1	1	0.11161529135260906
1	1	0.09791659620556092
1	1	0.13051214627584928
1	1	0.10465608164102613
1	1	0.08874944426620068
1	1	0.10457582055690307
1	1	0.07928961475841412
1	1	0.18422530412492366
1	1	0.17247578472883596
1	1	0.3445062509306629
1	1	0.37122020925807653
1	1	0.401128088474061
1	1	0.09427563734681499
1	1	0.12387824500739852
1	1	0.1078236809795804
1	1	0.10471189979475493
1	1	0.07937503612619357
1	1	0.08702400784763209
1	1	0.1818572881878876
1	1	0.10840035074565713
1	1	0.09589143088508878
1	1	0.12547493339092353
1	1	0.12202218483602123
1	1	0.08889092540678223
1	1	0.13394536368708698
1	1	0.11000083055480647
1	1	0.2529436043806995
1	1	0.10166493054128067
1	1	0.0811443952689177
1	1	0.09063508634048656
1	1	0.19364161630487098
1	1	0.12389940186084825
1	1	0.13805187131814733
1	1	0.10035406918168277
1	1	0.19775944291160374
1	1	0.09874780052512966
1	1	0.112474398795954
1	1	0.17638252206962157
1	0	0.504518548670671
1	1	0.14665416113016017
1	1	0.11879596736857478
1	1	0.09184756407221406
1	1	0.1235784956143311
1	1	0.16756483951036882
1	1	0.1057839642357401
1	1	0.10655226560578024
1	1	0.10863318707381997
1	1	0.11417840929884548
1	1	0.11724114832096633
1	1	0.10082480690242157
1	1	0.07463734221044582
1	1	0.14385404646115774
1	1	0.1653231675721899
1	1	0.07560313484920489
1	1	0.1611405629177488
1	1	0.24788527748435596
1	1	0.0901867653522912
1	1	0.07774182818390285
1	1	0.1201250302006488
1	1	0.07459967369576448
1	1	0.08216344007328369
1	1	0.0796606696463541
1	1	0.0787455726816545
1	1	0.08092247426966526
1	1	0.0790484634562344
1	1	0.08167441233483241
1	1	0.12105763295773553
1	1	0.08617007914406793
1	1	0.07497928568991452
1	1	0.17439955911218252
1	1	0.10422689038142563
1	1	0.2899540307449824
1	1	0.12881231721457043
1	1	0.1236493267622153
1	1	0.08022520937821742
1	1	0.13943760252414805
1	1	0.1472453767874632
1	1	0.11563356387078538
1	1	0.11712773107158236
1	1	0.09439107302981598
1	1	0.07973780891125914
1	1	0.0732250725907686
1	1	0.47620809024089494
1	1	0.10584936202882267
1	1	0.11351845356044998
1	1	0.2834089416533655
1	1	0.08960239149114146
1	1	0.16748452617837517
1	1	0.14752029458677496
1	1	0.10332040108914953
1	1	0.11168666100270863
1	1	0.09056429530004761
1	1	0.08781174276987946
1	1	0.07661890074110833
1	1	0.10404496179815437
1	1	0.09835103883465945
1	1	0.09903822977082677
1	1	0.0912446846257009
1	1	0.08344530955527174
1	1	0.07799842524151424
0	1	0.14264299427937654
1	1	0.15834118355854176
1	1	0.1327540471112686
1	1	0.10368207650674832
1	1	0.08435235370339911
0	1	0.08385200263746762
0	1	0.16701450171634247
0	1	0.13425073613086835
1	1	0.21458668660728242
1	1	0.09395541762697124
1	1	0.09529010921135239
1	1	0.1863871167344685
1	1	0.12604727249888503
1	1	0.3750074195781724
1	0	0.5862329444652876
1	0	0.5848457609961168
1	1	0.22708795229999268
1	1	0.29209292502881334
1	1	0.33483468853219955
1	1	0.42224420876062196
1	0	0.7341935962062671
1	0	0.5849337644497478
1	0	0.7501423945412935
1	0	0.5509511158543325
1	0	0.5354487803394943
1	1	0.23334655452188335
1	1	0.22918483624170138
1	1	0.12350211568514002
1	1	0.14632209299915933
1	1	0.21212775237893378
1	0	0.6684251787989608
1	1	0.38435500666445777
1	0	0.7094411895502932
1	1	0.21797407438979843
1	1	0.16009250426243138
1	1	0.09096652498585533
1	1	0.1476268706532171
1	1	0.11503154706062668
1	1	0.10340571598412018
1	1	0.16468466727686626
1	1	0.15538362546476525
1	0	0.5088156985287107
1	1	0.24839214142600063
1	1	0.4630482661342119
1	1	0.3322298257701438
1	1	0.10743232147821424
1	1	0.2969726062356697
1	1	0.12636658630732878
1	1	0.10177223093242682
1	0	0.7908505687639483
1	0	0.5179103009608526
1	0	0.73014151226777
1	0	0.7410976617941037
1	0	0.720370919282057
1	0	0.6355569445161366
1	1	0.44860556746988445
0	0	0.7838310364023232
1	0	0.6329302356303942
1	1	0.1686953129397395
1	0	0.5338381788143347
1	1	0.4682445747160108
1	1	0.1784572352471081
1	0	0.7650173844974107
1	0	0.7185414496386903
1	0	0.7739487229011537
1	1	0.3628729023027888
1	0	0.5216374998481963
1	1	0.13415111477967778
1	1	0.1748208855527068
1	1	0.19788870392278912
1	1	0.14986477224993844
1	0	0.5027511534208118
1	1	0.24225149415886948
0	0	0.9110206640765645
1	0	0.8821741828659392
1	0	0.8101125865450715
1	0	0.7947756699522878
1	1	0.21813277869432168
1	0	0.5214684611407999
1	1	0.20542603245054292
1	0	0.8004566581087799
1	0	0.6479991718333515
1	0	0.5394788455532298
1	1	0.27439163236940567
1	1	0.1667079761192417
1	1	0.22781964828824575
1	1	0.39853150569247997
1	1	0.14650151805889222
1	1	0.17792956750148958
1	1	0.1385304690918261
1	0	0.7856288659618952
1	0	0.5449492181971154
0	0	0.9049510266932894
1	0	0.7987598028555547
1	1	0.236676487826196
1	1	0.3271707343598047
1	1	0.2230494962813726
1	1	0.10007193364446754
1	1	0.11226758148520899
1	1	0.2610808933926063
1	1	0.13608967052753074
1	1	0.14213169016503935
1	1	0.08535141927019874
1	1	0.11797560063359724
1	1	0.09876399758994492
1	1	0.08803797447313833
1	1	0.07788241046326472
1	0	0.8521245128050017
1	1	0.08844351006054307
1	1	0.2348429878566214
1	1	0.27506775270885675
1	1	0.09083469426981472
1	1	0.17251649710857075
1	0	0.7441073311783883
1	0	0.8191658944193256
1	1	0.30016739012653226
1	0	0.8338738078224077
1	1	0.19035681934723747
1	1	0.08304890695512501
1	1	0.24628772494284723
1	1	0.12976620639290704
1	1	0.11376137106423534
1	1	0.09498665728430344
1	1	0.11904067987422462
1	1	0.16976363575139986
1	1	0.18262172143093158
1	1	0.23348723060657384
1	0	0.6481088360714441
1	1	0.23357507915075593
1	1	0.32953964390435075
1	1	0.2926444901948213
1	1	0.16674267419937028
1	1	0.3780355547612497
1	1	0.18307952028819607
1	1	0.12052173122157883
1	1	0.08446187266409932
1	1	0.13206310175824232
1	1	0.10112698725602465
1	1	0.09019739684532646
1	1	0.08192246189832908
1	1	0.0827506833285846
1	1	0.07806714481511501
1	0	0.537121039129375
1	1	0.10872363445525113
1	1	0.49296826046915
1	1	0.1085667797989166
1	1	0.2407291001797104
1	1	0.2029443068333694
1	1	0.10990131313474238
1	1	0.10499953045059396
1	1	0.14190931955623187
1	1	0.1289882775316895
1	1	0.08807493251210996
1	1	0.11582401560716582
1	0	0.5730573695128154
1	0	0.5295683939600504
1	0	0.7729206171301342
1	0	0.8890319937538633
1	0	0.7672219729070846
1	0	0.817457009986843
1	0	0.6663903015188308
1	1	0.3317761189432067
0	0	0.7104614837023135
0	1	0.45348490677297815
1	0	0.8697814001182615
1	0	0.8114580468588337
1	1	0.16383468397013912
1	0	0.5423535188742089
1	1	0.3964988305007021
1	0	0.7774493358085461
1	0	0.8689604973235936
1	1	0.42447145568431754
1	1	0.10633938182238145
1	1	0.09226513565271832
1	1	0.08496657068949853
1	1	0.3534066393368894
1	1	0.15347965285647736
1	1	0.11675487732881118
1	1	0.07864765622724845
1	1	0.08618022513218948
1	1	0.08018776910538505
1	1	0.07479202230108484
0	0	0.6078692621564975
1	0	0.8673556318774364
1	0	0.7465991512383695
1	1	0.17392179005714758
1	0	0.5895090951044357
1	1	0.29166649309858717
1	1	0.1241435725134371
1	1	0.3061774079643552
1	1	0.16022352816870544
1	1	0.11952245121366001
1	1	0.07643205791445562
1	1	0.08662105818347365
1	1	0.07416606084831012
1	1	0.12719890842087922
1	1	0.10258595917741697
1	0	0.7446030415703118
1	1	0.1693710224658218
1	1	0.1975827380598807
1	1	0.12981715776540048
1	1	0.11022669671023755
1	1	0.07922378376420425
1	1	0.07892635836502582
1	1	0.08515059030733463
1	1	0.087729347529658
1	1	0.22822349458417068
1	1	0.14878789949230342
1	1	0.14301830577035024
1	1	0.10061490842762633
1	0	0.7240841738686337
1	1	0.23947375987060204
1	1	0.36907085638272763
1	1	0.08125868995854169
1	1	0.07753756663572975
1	1	0.07506163081346895
1	1	0.07982340444254199
1	1	0.07489588050555851
1	1	0.07494864161031811
1	1	0.07542141487381537
1	1	0.07428235233952707
1	1	0.07362723234901591
1	1	0.07397881836076281
1	1	0.07525665036311946
1	1	0.07569468250679856
1	1	0.07678750923704769
1	1	0.07750869414717998
1	1	0.07774155715122477
1	1	0.07581863021363477
1	1	0.0872426771380369
1	1	0.0778007601525581
1	1	0.07852968074340316
1	1	0.0791003437907214
1	1	0.07686879962474191
1	1	0.07644601410277885
1	1	0.07668959452576685
1	1	0.0792666237313463
1	1	0.080611469318836
1	1	0.26443926117907335
1	1	0.10880392157764862
1	1	0.07943848948136578
1	1	0.07625437855371087
1	1	0.09412242633246415
1	1	0.19862834659523565
1	1	0.12113912340307675
1	0	0.8837231213885769
1	0	0.8933639818808218
0	0	0.9002356098058519
1	0	0.8623734225137004
0	0	0.9093869013893703
1	1	0.30169947724714397
1	0	0.6232248007722003
1	0	0.657430222932659
1	1	0.37679169699705606
1	0	0.7213329191532035
1	1	0.24713928929185358
1	1	0.19870475205238813
1	1	0.12083665975029667
1	1	0.3437051770918551
1	1	0.15473952649956113
1	1	0.28034392038712475
1	1	0.19455421634699233
1	1	0.22811241333692767
1	0	0.5785652190821859
1	1	0.24464769224009464
1	1	0.2129424212286063
1	0	0.5168812169461053
1	1	0.4254460728088887
1	0	0.8663047278123108
1	0	0.8080720552509644
1	0	0.8673771469859924
1	1	0.2417659190335183
1	1	0.15014662108350407
1	0	0.758100502183025
1	1	0.1355010960906402
1	0	0.7756107370675567
1	1	0.21995465250167567
1	1	0.19251992644093263
1	1	0.14792851016663533
1	1	0.41343971804630286
1	1	0.2345833097204083
1	0	0.7309895364344869
1	1	0.2935494520155655
1	1	0.20510005499659556
1	1	0.1825258253654629
1	1	0.11584154096622079
1	1	0.21150139726846906
1	1	0.162641947920377
1	1	0.25020072122223036
1	1	0.13437614953235744
1	1	0.1117171008924952
1	1	0.12469767739669635
1	1	0.20031204709659156
1	1	0.1304320092992307
1	1	0.08881763351499605
1	1	0.1171494518158619
1	1	0.12077779812460498
1	1	0.12227827704719663
1	1	0.09628900861163747
1	1	0.23616858536807472
1	1	0.09321965036039759
1	1	0.4807492618357212
1	1	0.27523974671602425
1	1	0.2945586435104077
1	1	0.1619291219303205
1	1	0.21755047619263834
1	1	0.15774509056893127
1	1	0.37620139463896074
1	1	0.10947200239161659
1	1	0.09188328924851341
1	1	0.339940893116334
1	0	0.8474841886921463
1	0	0.5814273596770958
1	1	0.09947470509405432
1	0	0.753794151192339
1	0	0.5898285851306777
1	1	0.09893028621578637
1	0	0.5651734166913054
1	1	0.262360586137822
1	1	0.129416861883918
1	0	0.51407090700199
1	1	0.2047482182245587
1	1	0.13852317653052193
1	1	0.1359863546431911
1	1	0.29833029028585023
1	0	0.7173952409878728
1	0	0.6768171104022469
1	1	0.2059195411074578
1	1	0.2834132462938356
1	1	0.23388418660474963
1	1	0.10892482796614489
1	1	0.2323503618763384
1	1	0.34876140964404667
1	1	0.10110666186246053
1	1	0.09872238356947782
1	1	0.07763760553272636
1	1	0.07559412543375921
1	1	0.0937644642558999
1	1	0.09808205260069469
1	1	0.20135335862323478
1	1	0.08130263289294992
1	1	0.08964455198548194
1	0	0.6508056974584968
1	1	0.2980052963979001
1	0	0.5169419722959295
1	1	0.3577967506444586
1	1	0.14442442300736857
1	1	0.10175070699015165
1	1	0.10007913227635701
1	1	0.07990881156607688
1	1	0.09542766198890063
1	1	0.10874469016811705
1	1	0.07760335530227458
1	1	0.15883602597240254
1	1	0.07699000422149294
1	1	0.09219449927371637
1	1	0.15388073506316058
1	1	0.09195415899796267
1	1	0.0771595813499455
1	1	0.07822774984807002
1	1	0.1028197525281841
1	1	0.15047314996774597
1	1	0.1132783463231748
1	1	0.08221274623794173
1	1	0.21561927017338944
1	1	0.13513476444982797
1	1	0.16077034370988308
1	1	0.14661988383676827
1	1	0.09287799709673461
1	1	0.07984670445309738
1	1	0.20813190240213797
1	1	0.07763047460896544
1	0	0.6668239089099209
1	1	0.12934966842405526
1	1	0.11851185856409219
1	1	0.0769521266091776
1	1	0.09831905929688622
1	1	0.4174552140390331
1	1	0.42036600218812703
1	1	0.1409989486035903
1	1	0.10299194789791077
1	1	0.0793875303780246
1	1	0.07445125274922759
1	1	0.08073309884065716
1	0	0.8629212873731029
1	1	0.2961988710376978
1	1	0.21449236883727318
1	1	0.1753378774747455
1	1	0.2291636847504176
1	1	0.21348630426568604
1	1	0.24579812647675203
1	1	0.13713715205474653
1	1	0.18704715131057748
1	1	0.2490109557857353
0	0	0.8949617278425455
0	0	0.7594044428972244
1	1	0.18139962366313944
1	1	0.08142810288668534
1	1	0.08827855141448704
1	1	0.08814105489300272
1	1	0.39766670382464986
1	1	0.2366084803201033
0	1	0.2527433536183351
1	1	0.1632744838824034
1	1	0.07591786159568126
1	1	0.15334427467227685
1	1	0.10698384335174371
1	1	0.08714075198734339
1	1	0.10839428321976141
1	1	0.08005894123155866
1	1	0.1146149141056968
1	1	0.4610874571265109
1	1	0.10139095446603719
1	0	0.8014597566228217
1	1	0.2532962179287651
1	1	0.09451968387421517
1	1	0.0865566172501141
1	1	0.15068674066660281
1	1	0.15066068323890314
1	0	0.5895153271582583
0	1	0.2526302204807578
1	1	0.1466201464470699
1	1	0.14237527666099548
1	1	0.11888250681913637
1	1	0.10892320924555321
1	1	0.08575970656838705
